72.862619004433,0.3,-1.4,-6.2,0,0
72.862619004433,0.3,-1.4,-6.2,0,0
71.7326651242077,0.2,-1.7,-5.8,0,0
71.7326651242077,0.2,-1.7,-5.8,0,0
70.0426248811371,0.2,-0.9,-3.6,0,0
70.0426248811371,0.2,-0.9,-3.6,0,0
70.0426248811371,0.2,-0.9,-3.6,0,0
69.4308979324006,0.1,-0.6,-2.9,0,0
69.4308979324006,0.1,-0.6,-2.9,0,0
69.1241429724429,0.1,-0.6,-2.7,0,0
69.1241429724429,0.1,-0.6,-2.7,0,0
69.3472868599596,0.1,-0.5,-2.7,0,0
69.3472868599596,0.1,-0.5,-2.7,0,0
69.8903051648391,0.2,-0.8,-3.4,0,0
69.760583688709,0.2,-0.8,-3.1,0,0
69.7236394831982,0.2,-1,-2.9,0,0
70.0618100384446,0.2,-1,-3.4,0,0
70.0618100384446,0.2,-1,-3.4,0,0
70.8766301196741,0.2,-1.4,-4.8,0,0
70.8766301196741,0.2,-1.4,-4.8,0,0
70.888147161745,0.2,-1.4,-4.9,0,0
70.888147161745,0.2,-1.4,-4.9,0,0
71.4551252197827,0.2,-1.5,-5.4,0,0
71.4551252197827,0.2,-1.5,-5.4,0,0
71.6572565535249,0.3,-1.5,-5.5,0,0
71.5741525949039,0.3,-1.6,-5.7,0,0
71.5741525949039,0.3,-1.6,-5.7,0,0
71.6573793331677,0.3,-1.5,-5.4,0,0
71.6573793331677,0.3,-1.5,-5.4,0,0
71.5764098278207,0.3,-1.5,-5.5,0,0
70.9904529008975,0.2,-1.2,-4.4,-1.2,-4.6
70.9904529008975,0.2,-1.2,-4.4,-1.3,-4.6
70.5048411621568,0.2,-1.2,-3.8,-1.3,-4.5
70.5048411621568,0.2,-1.2,-3.8,-1.3,-4.5
70.489032723119,0.2,-1.2,-3.9,-1.3,-4.5
70.2449859206341,0.2,-1,-3.1,-1.3,-4.4
70.2449859206341,0.2,-1,-3.1,-1.3,-4.4
69.7754652361899,0.2,-0.9,-2.2,-1.2,-4.2
69.7109342829917,0.2,-1.1,-2.5,-1.2,-4.1
69.7109342829917,0.2,-1.1,-2.5,-1.2,-4
69.8848296890158,0.2,-1,-2.6,-1.2,-4
69.8848296890158,0.2,-1,-2.6,-1.2,-3.9
70.2824053193564,0.2,-1.3,-2.9,-1.2,-3.8
70.2824053193564,0.2,-1.3,-2.9,-1.2,-3.7
70.5171465134452,0.2,-1.2,-2.9,-1.2,-3.6
70.5171465134452,0.2,-1.2,-2.9,-1.2,-3.6
70.6023791222322,0.2,-1.3,-2.9,-1.2,-3.5
70.5405195854035,0.2,-1.4,-3.1,-1.2,-3.4
70.5405195854035,0.2,-1.4,-3.1,-1.2,-3.4
70.4050286229767,0.2,-1.2,-2.9,-1.2,-3.3
70.4050286229767,0.2,-1.2,-2.9,-1.2,-3.3
70.0725046980261,0.2,-1.2,-2.5,-1.2,-3.2
70.0725046980261,0.2,-1.2,-2.5,-1.2,-3.1
70.5306499747304,0.2,-1.2,-3.4,-1.2,-3.1
70.414187124128,0.2,-1.3,-3.6,-1.2,-3.1
70.414187124128,0.2,-1.3,-3.6,-1.2,-3.1
70.545336023318,0.2,-1.3,-3.5,-1.2,-3.1
70.545336023318,0.2,-1.3,-3.5,-1.2,-3.1
70.565100416522,0.2,-1.3,-3.6,-1.2,-3.1
70.565100416522,0.2,-1.3,-3.6,-1.2,-3.1
70.5717168673829,0.2,-1.3,-3.5,-1.2,-3.2
70.5347685677389,0.2,-1.3,-3.6,-1.2,-3.2
70.5347685677389,0.2,-1.3,-3.6,-1.3,-3.2
70.62614523283,0.2,-1.3,-3.5,-1.3,-3.2
70.565233564824,0.2,-1.3,-3.6,-1.3,-3.3
70.565233564824,0.2,-1.3,-3.6,-1.3,-3.3
70.6266235265198,0.2,-1.2,-3.5,-1.3,-3.3
70.6266235265198,0.2,-1.2,-3.5,-1.3,-3.4
70.5579464236236,0.2,-1.4,-3.7,-1.3,-3.4
70.5579464236236,0.2,-1.4,-3.7,-1.3,-3.4
70.6072156689465,0.2,-1.3,-3.5,-1.3,-3.4
70.6131864173441,0.2,-1.4,-3.7,-1.3,-3.5
70.6131864173441,0.2,-1.4,-3.7,-1.3,-3.5
70.7036752161992,0.2,-1.3,-3.8,-1.3,-3.5
70.7036752161992,0.2,-1.3,-3.8,-1.3,-3.6
70.6103154984718,0.2,-1.4,-3.7,-1.3,-3.6
64.0925135080507,-0.1,0.2,4.7,-1.2,-3
64.0925135080507,-0.1,0.2,4.7,-1.1,-2.5
63.8255888343339,-0.1,0.6,5.4,-1,-2
63.8255888343339,-0.1,0.6,5.4,-0.9,-1.5
63.6063439856182,-0.1,0.5,5.1,-0.8,-1
64.1254910782735,-0.1,0.4,4.5,-0.7,-0.6
64.1254910782735,-0.1,0.4,4.5,-0.6,-0.2
64.567581907981,-0.1,0.2,4.2,-0.5,0.2
64.567581907981,-0.1,0.2,4.2,-0.5,0.6
65.1719021520595,0,-0.1,3.6,-0.4,0.9
65.6971243700971,0,-0.3,2.8,-0.4,1.1
65.6971243700971,0,-0.3,2.8,-0.4,1.3
65.7833996942303,0.1,-0.4,2.7,-0.4,1.5
65.7833996942303,0.1,-0.4,2.7,-0.3,1.7
65.9210860529716,-0.1,-0.4,2.7,-0.3,1.9
65.920228672422,-0.1,-0.4,2.7,-0.3,2.1
65.920228672422,-0.1,-0.4,2.7,-0.3,2.2
66.0799693062509,0,-0.4,2.7,-0.3,2.3
66.0799693062509,0,-0.4,2.7,-0.3,2.5
66.1845885714025,0.1,-0.5,2.6,-0.3,2.6
66.1110472595856,0.1,-0.6,2.6,-0.3,2.7
66.1155984045777,0.1,-0.5,2.9,-0.3,2.7
66.1155984045777,0.1,-0.5,2.9,-0.3,2.8
66.1260659806685,0.1,-0.5,3,-0.3,2.9
66.1260659806685,0.1,-0.5,3,-0.3,3
66.0528202118931,0,-0.4,3.2,-0.3,3
66.0528202118931,0,-0.4,3.2,-0.3,3.1
65.9993415152064,0,-0.5,3.1,-0.3,3.1
65.9993415152064,0,-0.5,3.1,-0.3,3.1
66.7235717092131,0,-0.9,2,-0.4,3
69.7593949831525,0.2,-1,-3.6,-0.4,2.6
69.7593949831525,0.2,-1,-3.6,-0.5,2.1
71.3856481100327,0.2,-1.6,-5.4,-0.6,1.6
71.3856481100327,0.2,-1.6,-5.4,-0.7,1.1
72.2447032513482,0.3,-1.7,-6.5,-0.7,0.5
72.2447032513482,0.3,-1.7,-6.5,-0.8,0
71.8690508470115,0.3,-1.7,-6.1,-0.9,-0.5
71.6229976608765,0.3,-1.6,-5.7,-1,-0.9
71.6229976608765,0.3,-1.6,-5.7,-1,-1.3
70.9122638433111,0.2,-1.5,-5.2,-1.1,-1.7
70.9122638433111,0.2,-1.5,-5.2,-1.1,-2
71.0776508406455,0.2,-1.6,-5.4,-1.2,-2.4
71.0776508406455,0.2,-1.6,-5.4,-1.2,-2.7
71.3415745091802,0.2,-1.5,-5.5,-1.2,-3
71.6054558820559,0.3,-1.6,-5.7,-1.3,-3.3
71.6054558820559,0.3,-1.6,-5.7,-1.3,-3.6
71.4929010663852,0.2,-1.4,-5.6,-1.3,-3.8
71.4929010663852,0.2,-1.4,-5.6,-1.4,-4.1
70.4554701456433,0.2,-1.3,-4.6,-1.4,-4.3
70.4554701456433,0.2,-1.3,-4.6,-1.4,-4.4
70.2170031870121,0.2,-1.3,-4.6,-1.4,-4.5
70.2160621066186,0.2,-1.2,-4.5,-1.4,-4.6
70.2160621066186,0.2,-1.2,-4.5,-1.4,-4.7
70.3066028495143,0.2,-1.2,-4,-1.4,-4.8
70.3066028495143,0.2,-1.2,-4,-1.4,-4.8
70.5897717265139,0.2,-1,-3.7,-1.4,-4.8
70.5897717265139,0.2,-1,-3.7,-1.3,-4.8
70.1472204335211,0.2,-0.5,-2.5,-1.3,-4.7
69.5985057873873,0.2,0,-1.5,-1.2,-4.5
69.5985057873873,0.2,0,-1.5,-1.1,-4.3
70.7467208010058,0.2,-0.8,-3.2,-1.1,-4.2
70.7467208010058,0.2,-0.8,-3.2,-1.1,-4.1
70.2035641817924,0.2,-1.2,-3.4,-1.1,-4
70.2035641817924,0.2,-1.2,-3.4,-1.1,-3.9
67.2267015502454,0,-0.4,-0.6,-1,-3.7
65.457805456531,0,0.1,2.3,-0.9,-3.2
65.457805456531,0,0.1,2.3,-0.8,-2.8
65.3120793420949,0,-0.2,3.1,-0.8,-2.4
65.3120793420949,0,-0.2,3.1,-0.7,-1.9
65.8502730034046,0,-0.1,3.2,-0.7,-1.5
65.8502730034046,0,-0.1,3.2,-0.6,-1.1
66.2856762969926,-0.1,-0.4,1.8,-0.6,-0.8
66.2856762969926,-0.1,-0.4,1.8,-0.6,-0.6
66.7674193993121,0,-0.3,0.1,-0.5,-0.4
66.6587731139604,0,-0.4,-0.1,-0.5,-0.3
66.6587731139604,0,-0.4,-0.1,-0.5,-0.2
66.6431509683373,0,-0.5,-0.4,-0.5,-0.1
66.6431509683373,0,-0.5,-0.4,-0.5,-0.1
66.6889515079053,0,-0.4,-0.2,-0.4,0
66.6556323540197,0,-0.5,-0.4,-0.4,0.1
66.6556323540197,0,-0.5,-0.4,-0.4,0.1
66.0220918278739,0,-0.2,0.5,-0.4,0.2
66.0220918278739,0,-0.2,0.5,-0.4,0.3
65.7461589802273,0.1,-0.3,0.8,-0.4,0.3
65.578659480019,0,-0.3,1.5,-0.4,0.5
65.578659480019,0,-0.3,1.5,-0.4,0.6
65.6660071720805,0,-0.2,1.1,-0.3,0.6
65.6471565305613,0,-0.2,1.1,-0.3,0.7
65.5454051382825,0,-0.3,1.3,-0.3,0.8
65.5454051382825,0,-0.3,1.3,-0.3,0.8
65.6160364530337,0,-0.2,1.1,-0.3,0.9
65.6160364530337,0,-0.2,1.1,-0.3,0.9
65.5481509379086,0,-0.3,1.4,-0.3,0.9
65.5481509379086,0,-0.3,1.4,-0.3,1
65.7335653779159,0.1,-0.2,1,-0.3,0.9
65.7335653779159,0.1,-0.2,1,-0.3,0.9
65.9612410718754,-0.1,-0.3,0.7,-0.3,0.9
69.4440343993647,0.1,-0.9,-2.9,-0.3,0.7
69.4440343993647,0.1,-0.9,-2.9,-0.4,0.4
70.3091559561603,0.2,-1.3,-4,-0.4,0.1
70.3091559561603,0.2,-1.3,-4,-0.5,-0.2
70.7106113040148,0.2,-1.2,-4.3,-0.5,-0.5
70.7106113040148,0.2,-1.2,-4.3,-0.6,-0.7
71.4401973074496,0.3,-1.5,-5.2,-0.6,-1.1
72.5732474010498,0.3,-1.8,-6.4,-0.7,-1.4
72.5732474010498,0.3,-1.8,-6.4,-0.8,-1.8
72.9006367243332,0.4,-2,-6.8,-0.9,-2.2
72.9006367243332,0.4,-2,-6.8,-1,-2.6
72.8790625236248,0.4,-2,-7,-1.1,-2.9
72.8790625236248,0.4,-2,-7,-1.2,-3.3
72.8651826876116,0.3,-2,-6.8,-1.2,-3.6
72.0156333918052,0.3,-1.7,-5.5,-1.3,-3.9
72.0156333918052,0.3,-1.7,-5.5,-1.3,-4.1
69.7932128503389,0.3,-0.7,-2.3,-1.3,-4.1
69.7932128503389,0.3,-0.7,-2.3,-1.3,-4.1
69.5614935597369,0.3,-0.6,-2,-1.3,-4
69.5614935597369,0.3,-0.6,-2,-1.2,-4
69.8475047395311,0.3,-0.7,-2.2,-1.2,-4
69.6695063752436,0.3,-0.5,-2,-1.2,-3.9
69.6695063752436,0.3,-0.5,-2,-1.2,-3.8
69.7473954923242,0.3,-0.7,-2.1,-1.1,-3.8
69.7473954923242,0.3,-0.7,-2.1,-1.1,-3.7
69.5933590195882,0.3,-0.7,-2.1,-1.1,-3.6
69.5933590195882,0.3,-0.7,-2.1,-1.1,-3.5
70.3742656922486,0.3,-0.9,-2.6,-1,-3.5
70.3742656922486,0.3,-0.9,-2.6,-1,-3.4
71.4644083748199,0.4,-1.2,-4.3,-1,-3.4
71.4159329879744,0.4,-1.1,-4.3,-1,-3.5
71.4159329879744,0.4,-1.1,-4.3,-1,-3.5
72.0687279564782,0.4,-1.3,-5,-1,-3.5
72.0687279564782,0.4,-1.3,-5,-1,-3.6
72.7144836346119,0.4,-1.6,-5.7,-1.1,-3.7
72.7144836346119,0.4,-1.6,-5.7,-1.1,-3.8
72.834037088509,0.4,-1.8,-6.2,-1.1,-3.9
74.7307008905333,0.5,-3,-9.3,-1.2,-4.3
74.7307008905333,0.5,-3,-9.3,-1.4,-4.6
74.4417661909182,0.4,-2.8,-8.7,-1.5,-4.9
74.4417661909182,0.4,-2.8,-8.7,-1.5,-5.1
73.3329575732665,0.4,-2.1,-7.3,-1.6,-5.3
73.3329575732665,0.4,-2.1,-7.3,-1.6,-5.5
73.4975772277038,0.4,-2.3,-7.9,-1.7,-5.7
73.4975772277038,0.4,-2.3,-7.9,-1.8,-5.9
73.6429464553515,0.4,-2.3,-7.8,-1.8,-6.1
73.6429464553515,0.4,-2.3,-7.8,-1.9,-6.3
73.3851708658128,0.4,-2.3,-7.4,-1.9,-6.5
69.2835786814889,0.2,-1.4,-2,-1.9,-6.3
69.2835786814889,0.2,-1.4,-2,-1.9,-6.1
69.1814892104233,0.1,-1.5,-1.2,-1.9,-5.8
69.1814892104233,0.1,-1.5,-1.2,-1.9,-5.6
67.479284075732,0.1,-1,1,-1.9,-5.2
67.479284075732,0.1,-1,1,-1.8,-4.8
63.921000608933,-0.1,-0.1,4.1,-1.7,-4.2
63.921000608933,-0.1,-0.1,4.1,-1.6,-3.6
63.552004995398,-0.2,-0.1,4.1,-1.5,-3.1
64.2276187168071,-0.1,-0.1,4,-1.4,-2.6
64.2276187168071,-0.1,-0.1,4,-1.3,-2
67.2554962128758,0,-0.8,1.8,-1.3,-1.7
67.2554962128758,0,-0.8,1.8,-1.2,-1.3
66.5216841620027,0,-0.5,2.6,-1.2,-0.9
65.652650230712,0,-0.2,3.8,-1.1,-0.5
65.652650230712,0,-0.2,3.8,-1,-0.1
65.6279373922754,0,-0.4,3.7,-0.9,0.3
65.6279373922754,0,-0.4,3.7,-0.9,0.7
66.1734658891605,0.1,-0.5,2.8,-0.8,1
66.1734658891605,0.1,-0.5,2.8,-0.8,1.3
66.1152622579987,0.1,-0.6,2.9,-0.7,1.6
66.1152622579987,0.1,-0.6,2.9,-0.7,1.8
66.0106335927723,0,-0.6,2.8,-0.6,2
65.7075500963337,0,-0.3,3.5,-0.6,2.3
65.7075500963337,0,-0.3,3.5,-0.6,2.5
65.2937058125764,0,-0.1,4,-0.5,2.7
65.2937058125764,0,-0.1,4,-0.5,2.9
65.3881605112921,-0.1,0.1,4,-0.4,3.1
65.6346239343291,0,-0.3,3.5,-0.4,3.2
65.6346239343291,0,-0.3,3.5,-0.4,3.2
65.8527805970822,-0.1,-0.3,3.3,-0.4,3.3
65.8527805970822,-0.1,-0.3,3.3,-0.3,3.3
66.0406670095971,0,-0.5,2.8,-0.3,3.3
66.0406670095971,0,-0.5,2.8,-0.4,3.3
66.139734097127,0.1,-0.6,2.6,-0.4,3.3
66.3308715280999,-0.1,-0.6,2.5,-0.4,3.2
66.3308715280999,-0.1,-0.6,2.5,-0.4,3.2
66.3888105234562,-0.1,-0.6,2.4,-0.4,3.1
66.3888105234562,-0.1,-0.6,2.4,-0.4,3.1
66.31001736609,-0.1,-0.8,2.2,-0.4,3
66.3696801887751,-0.1,-0.7,2.3,-0.5,2.9
66.3696801887751,-0.1,-0.7,2.3,-0.5,2.9
66.3789436147137,-0.1,-0.6,2.4,-0.5,2.9
66.4103007726325,0,-0.6,2.4,-0.5,2.8
66.3768940803051,-0.1,-0.8,2.2,-0.5,2.8
66.7537547350921,0,-0.7,1.9,-0.5,2.7
66.7537547350921,0,-0.7,1.9,-0.6,2.6
66.6428982060746,0,-0.9,1.7,-0.6,2.5
66.6428982060746,0,-0.9,1.7,-0.6,2.5
66.3336920130531,-0.1,-0.6,2.5,-0.6,2.5
65.7279036795694,0.1,-0.3,3.3,-0.6,2.5
65.3723397922871,-0.1,-0.1,3.8,-0.6,2.6
65.3723397922871,-0.1,-0.1,3.8,-0.5,2.6
65.6166491971585,0,-0.4,3.1,-0.5,2.6
65.6166491971585,0,-0.4,3.1,-0.5,2.7
69.6730128249525,0.1,-1,-3.8,-0.6,2.2
69.6730128249525,0.1,-1,-3.8,-0.6,1.8
72.6595465020544,0.3,-1.9,-6.7,-0.7,1.2
72.6595465020544,0.3,-1.9,-6.7,-0.8,0.7
73.8759037203383,0.4,-2.4,-8.1,-0.9,0.1
73.8759037203383,0.4,-2.4,-8.1,-1,-0.5
73.6684265682123,0.4,-1.9,-7.2,-1.1,-1.1
73.6684265682123,0.4,-1.9,-7.2,-1.1,-1.5
72.7362975100805,0.4,-1.3,-5.6,-1.2,-1.9
71.2566189902062,0.3,-0.6,-3.2,-1.1,-2.1
71.2566189902062,0.3,-0.6,-3.2,-1.1,-2.3
71.1725475230309,0.3,-0.7,-3,-1.1,-2.5
71.1725475230309,0.3,-0.7,-3,-1.1,-2.6
70.5413828083494,0.3,-0.6,-2.6,-1.1,-2.7
70.4541794180849,0.2,-0.5,-2.4,-1,-2.8
70.4541794180849,0.2,-0.5,-2.4,-1,-2.9
70.4208883369305,0.2,-0.6,-2.4,-1,-3
70.4208883369305,0.2,-0.6,-2.4,-1,-3
70.4452139032774,0.2,-0.4,-2.2,-0.9,-3
70.5567609564157,0.2,-0.6,-2,-0.9,-3.1
70.5567609564157,0.2,-0.6,-2,-0.9,-3.1
70.4362607674244,0.2,-0.7,-2.3,-0.9,-3.1
70.4362607674244,0.2,-0.7,-2.3,-0.9,-3.1
71.0771066940067,0.3,-1,-3,-0.9,-3.1
70.9270243450553,0.2,-0.9,-3.1,-0.9,-3.1
70.9270243450553,0.2,-0.9,-3.1,-0.9,-3.2
69.9271373407437,0.2,-0.9,-2.9,-0.9,-3.2
69.9271373407437,0.2,-0.9,-2.9,-0.9,-3.2
70.0642562184578,0.2,-0.8,-3.1,-0.8,-3.1
70.0642562184578,0.2,-0.8,-3.1,-0.8,-3.1
69.8231823961474,0.2,-0.9,-3,-0.8,-3.1
69.9341026636929,0.2,-0.8,-3.1,-0.8,-3
69.9149144420432,0.2,-0.8,-3.2,-0.8,-3
70.2426657716437,0.2,-1.1,-3.5,-0.8,-3
70.2426657716437,0.2,-1.1,-3.5,-0.8,-3
70.2834570694249,0.2,-1.1,-4.2,-0.8,-3
70.2834570694249,0.2,-1.1,-4.2,-0.9,-3.1
70.6636507414332,0.2,-1.2,-4.8,-0.9,-3.2
70.6636507414332,0.2,-1.2,-4.8,-0.9,-3.3
70.9814398064701,0.2,-1.4,-5.2,-0.9,-3.4
70.9814398064701,0.2,-1.4,-5.2,-1,-3.6
72.3192352404584,0.3,-1.9,-6.7,-1,-3.8
74.0818733442731,0.4,-2.6,-8.6,-1.2,-4.1
74.0818733442731,0.4,-2.6,-8.6,-1.3,-4.5
73.6714187119732,0.4,-2.5,-8,-1.4,-4.8
73.6714187119732,0.4,-2.5,-8,-1.4,-5
73.5541857298907,0.4,-2.4,-7.6,-1.5,-5.3
73.5541857298907,0.4,-2.4,-7.6,-1.6,-5.5
74.5231152429242,0.5,-2.8,-9,-1.7,-5.8
74.4387424322066,0.5,-2.6,-8.8,-1.8,-6
74.4387424322066,0.5,-2.6,-8.8,-1.9,-6.3
74.5678024652224,0.5,-2.5,-8.6,-1.9,-6.5
74.5678024652224,0.5,-2.5,-8.6,-2,-6.7
74.0707379801249,0.4,-2.6,-8,-2.1,-6.9
74.0707379801249,0.4,-2.6,-8,-2.1,-7
74.2994844395333,0.4,-2.8,-8.5,-2.2,-7.2
70.334935951794,0.2,-0.6,-2.7,-2.1,-7
70.334935951794,0.2,-0.6,-2.7,-2,-6.8
69.5161483887415,0.2,-0.2,-1.4,-1.9,-6.5
69.5161483887415,0.2,-0.2,-1.4,-1.8,-6.2
69.1539776364395,0.2,-0.2,-1.1,-1.7,-5.9
69.1539776364395,0.2,-0.2,-1.1,-1.6,-5.6
69.0913891441387,0.2,-0.2,-1.2,-1.5,-5.3
67.2882964942753,0.1,0.5,0.6,-1.4,-4.9
67.2882964942753,0.1,0.5,0.6,-1.3,-4.5
67.6187118750927,0.1,0.2,0.6,-1.2,-4.1
67.6187118750927,0.1,0.2,0.6,-1,-3.7
67.7701332064702,0.1,0.1,0.3,-0.9,-3.4
67.7908759900829,0.1,0.1,0.3,-0.8,-3
67.7908759900829,0.1,0.1,0.3,-0.7,-2.7
67.7604493124518,0.1,0,0.3,-0.7,-2.4
67.7604493124518,0.1,0,0.3,-0.6,-2.1
67.6855325462757,0.1,0,0.3,-0.5,-1.8
67.8965545147549,0.1,0.1,0.4,-0.4,-1.5
67.8965545147549,0.1,0.1,0.4,-0.3,-1.3
67.6727023157227,0.1,0,0.3,-0.3,-1.1
67.6727023157227,0.1,0,0.3,-0.2,-0.8
67.7799929596294,0.1,0.1,0.3,-0.2,-0.7
67.7799929596294,0.1,0.1,0.3,-0.1,-0.5
67.6496863699079,0.1,0,0.4,-0.1,-0.3
67.5938245199646,0.1,0,0.5,0,-0.2
67.5938245199646,0.1,0,0.5,0,0
67.827691404251,0.1,0.1,0.4,0,0.1
67.827691404251,0.1,0.1,0.4,0,0.2
67.6355487046749,0.1,0,0.5,0,0.2
67.6355487046749,0.1,0,0.5,0.1,0.3
67.6634209790914,0.1,0.1,0.4,0.1,0.3
67.6634209790914,0.1,0.1,0.4,0.1,0.4
67.5507327935909,0.1,0.1,0.5,0.1,0.4
67.629521077561,0.1,0,0.5,0.1,0.4
68.150206117091,0.1,0,0.2,0.1,0.4
68.150206117091,0.1,0,0.2,0.1,0.4
67.9215574678555,0.1,0,0.3,0,0.4
68.0841667088025,0.1,0,0.2,0,0.4
68.0841667088025,0.1,0,0.2,0,0.4
68.7194741090367,0.2,-0.2,-0.3,0,0.3
68.7194741090367,0.2,-0.2,-0.3,0,0.3
68.7175151598181,0.2,-0.3,-0.4,0,0.2
69.079628051703,0.1,-0.2,-0.7,0,0.2
69.079628051703,0.1,-0.2,-0.7,0,0.1
69.5228535380229,0.2,-0.5,-1.3,-0.1,0
69.5228535380229,0.2,-0.5,-1.3,-0.1,-0.1
70.2739832919457,0.2,-0.9,-2.8,-0.2,-0.3
70.2739832919457,0.2,-0.9,-2.8,-0.2,-0.5
70.6541277844165,0.3,-0.9,-3.5,-0.3,-0.7
70.7436032487909,0.3,-1,-3.8,-0.3,-0.9
70.7436032487909,0.3,-1,-3.8,-0.4,-1.1
71.1172656418628,0.3,-1,-4.1,-0.4,-1.4
71.1172656418628,0.3,-1,-4.1,-0.5,-1.6
71.3136951787576,0.3,-1.1,-4.4,-0.5,-1.8
71.8001162429096,0.3,-1,-5,-0.6,-2.1
71.431012459345,0.3,-0.8,-4.2,-0.6,-2.3
71.431012459345,0.3,-0.8,-4.2,-0.6,-2.5
72.3051154036257,0.4,-0.8,-5.3,-0.7,-2.7
72.3051154036257,0.4,-0.8,-5.3,-0.7,-3
73.1673432864108,0.5,-0.6,-5.8,-0.7,-3.2
73.147768599996,0.5,-0.7,-5.9,-0.7,-3.5
72.3761464256569,0.4,-1.3,-5.9,-0.8,-3.7
72.3761464256569,0.4,-1.3,-5.9,-0.8,-3.9
68.257906788745,0.1,-1.4,-1.6,-0.9,-3.8
68.257906788745,0.1,-1.4,-1.6,-0.9,-3.8
66.5491083917707,0,-1.1,0.9,-0.9,-3.5
66.5491083917707,0,-1.1,0.9,-1,-3.3
67.9179533119342,0.1,-1.2,-2.2,-1,-3.3
67.9179533119342,0.1,-1.2,-2.2,-1,-3.2
66.9897472701413,0.1,-1.1,-1.6,-1,-3.1
66.9897472701413,0.1,-1.1,-1.6,-1,-3
70.8199117220869,0.2,-1.9,-5.5,-1.1,-3.2
70.8199117220869,0.2,-1.9,-5.5,-1.2,-3.4
69.606607803356,0.2,-1.3,-2.2,-1.2,-3.3
69.606607803356,0.2,-1.3,-2.2,-1.2,-3.2
70.8492744543701,0.2,-1.8,-5.6,-1.2,-3.3
70.8492744543701,0.2,-1.8,-5.6,-1.3,-3.5
68.2307764455138,0.1,-1.5,-1.5,-1.3,-3.3
68.2307764455138,0.1,-1.5,-1.5,-1.3,-3.2
64.6967691962578,-0.1,-0.2,3.9,-1.3,-2.7
64.6967691962578,-0.1,-0.2,3.9,-1.2,-2.3
72.8523346620053,0.3,-3.7,-4.3,-1.4,-2.3
70.385284333273,0.2,-1.6,-5.3,-1.4,-2.5
73.6099156038478,0.4,-3,-9,-1.5,-2.9
73.6099156038478,0.4,-3,-9,-1.6,-3.2
64.4228570659851,-0.1,-0.8,1.9,-1.6,-2.9
64.4228570659851,-0.1,-0.8,1.9,-1.5,-2.6
67.5515154008528,0.1,-0.6,-0.4,-1.5,-2.4
67.5515154008528,0.1,-0.6,-0.4,-1.4,-2.3
66.9461276094683,0,-1.1,-0.9,-1.4,-2.1
66.9461276094683,0,-1.1,-0.9,-1.4,-2
74.0274361879443,0.4,-2.6,-9.1,-1.5,-2.5
74.0274361879443,0.4,-2.6,-9.1,-1.6,-2.9
69.8971787339865,0.1,-1.3,-5,-1.5,-3.1
69.8971787339865,0.1,-1.3,-5,-1.5,-3.2
59.226612238131,-0.4,0.9,6.9,-1.4,-2.6
59.226612238131,-0.4,0.9,6.9,-1.2,-2
61.5964961276441,-0.2,0.4,5.7,-1.1,-1.5
61.5964961276441,-0.2,0.4,5.7,-1,-1
68.927494632905,0.1,-0.6,-4.4,-1,-1.1
68.927494632905,0.1,-0.6,-4.4,-0.9,-1.3
66.5960688871405,0,-0.6,0.9,-0.9,-1.1
66.5960688871405,0,-0.6,0.9,-0.9,-0.9
64.1256779726715,-0.1,0,4.1,-0.8,-0.6
64.1256779726715,-0.1,0,4.1,-0.7,-0.2
70.5912250393592,0.3,-1.7,-4.8,-0.8,-0.5
70.5912250393592,0.3,-1.7,-4.8,-0.8,-0.7
68.2397243610614,0.1,-0.8,-3.3,-0.8,-0.8
68.2397243610614,0.1,-0.8,-3.3,-0.8,-1
66.6578123635048,0,-0.8,-1.2,-0.8,-1
66.6578123635048,0,-0.8,-1.2,-0.7,-1
62.6802169772289,-0.1,-0.1,2.3,-0.7,-0.7
62.6802169772289,-0.1,-0.1,2.3,-0.6,-0.5
61.6117576779769,-0.1,-4.7,8.9,-0.9,0.2
61.6117576779769,-0.1,-4.7,8.9,-1.1,0.8
65.6300088887428,0,-6.1,6.9,-1.5,1.2
65.6300088887428,0,-6.1,6.9,-1.8,1.6
66.136047650094,0.1,-5.7,7.5,-2.1,2.1
66.136047650094,0.1,-5.7,7.5,-2.3,2.5
66.1330974999387,0.1,-5.6,7.6,-2.6,3
66.1330974999387,0.1,-5.6,7.6,-2.8,3.4
67.5932215386332,0,-6,6.9,-3.1,3.7
67.5932215386332,0,-6,6.9,-3.3,4
68.5490715658988,0.1,-6.6,6,-3.6,4.2
68.5490715658988,0.1,-6.6,6,-3.9,4.4
63.3012278766707,-0.1,-5,10.5,-4.1,4.9
63.3012278766707,-0.1,-5,10.5,-4.2,5.4
62.7673292791671,-0.1,-4.5,11.5,-4.3,5.9
61.9601175582001,-0.2,-4.1,12,-4.4,6.4
61.9601175582001,-0.2,-4.1,12,-4.4,6.9
61.8262669551029,-0.2,-4,12.1,-4.5,7.4
61.8314351783024,-0.2,-3.9,12.3,-4.5,7.9
61.8314351783024,-0.2,-3.9,12.3,-4.5,8.3
80.2840112965617,2.4,-14,-2.4,-5.2,7.8
80.2840112965617,2.4,-14,-2.4,-5.8,7.3
65.0040345158416,-0.1,-5.4,11,-5.9,7.6
66.0110244290926,0,-6.2,9.7,-6,7.9
66.0110244290926,0,-6.2,9.7,-6.1,8.1
66.7938179679371,0,-6.2,7.8,-6.1,8.1
66.7938179679371,0,-6.2,7.8,-6.2,8.2
66.8148335629822,0,-6.2,8.5,-6.2,8.2
66.8148335629822,0,-6.2,8.5,-6.3,8.3
65.8656918271424,-0.1,-5.9,10.2,-6.3,8.4
65.8656918271424,-0.1,-5.9,10.2,-6.3,8.6
65.2209212162595,0,-5.9,10.8,-6.3,8.7
63.4577588978658,-0.1,-4.6,11.5,-6.2,8.9
63.4577588978658,-0.1,-4.6,11.5,-6.1,9.1
63.3159254807372,-0.1,-4.5,11.5,-6,9.3
63.3159254807372,-0.1,-4.5,11.5,-5.9,9.4
63.2776249781461,-0.1,-4.4,11.6,-5.8,9.6
63.0658538478195,-0.2,-4.5,11.6,-5.7,9.8
63.0658538478195,-0.2,-4.5,11.6,-5.6,9.9
63.2534729874855,-0.2,-4.4,11.6,-5.5,10.1
63.2534729874855,-0.2,-4.4,11.6,-5.4,10.2
64.0537810374084,-0.1,-5,11.3,-5.4,10.3
63.6811498474202,-0.1,-4.9,11.3,-5.3,10.4
63.6811498474202,-0.1,-4.9,11.3,-5.3,10.5
63.5320647689365,-0.1,-5,11.6,-5.3,10.6
63.5320647689365,-0.1,-5,11.6,-5.2,10.7
65.3105659809579,0,-5.8,10.4,-5.2,10.7
66.4706430228396,0,-6.4,9.8,-5.3,10.7
66.4706430228396,0,-6.4,9.8,-5.3,10.7
66.3489868105524,-0.1,-6.4,9.7,-5.4,10.7
66.3489868105524,-0.1,-6.4,9.7,-5.4,10.7
66.3145246073248,-0.1,-6.4,9.7,-5.4,10.7
66.0550467217946,0,-6.4,9.7,-5.5,10.6
66.0550467217946,0,-6.4,9.7,-5.5,10.6
66.5533125368104,0,-6.6,9.3,-5.6,10.5
66.5533125368104,0,-6.6,9.3,-5.7,10.4
67.941223987495,0,-7.3,8.1,-5.8,10.3
67.941223987495,0,-7.3,8.1,-5.9,10.1
68.2874596108417,0,-7.4,7.9,-6,10
68.2874596108417,0,-7.4,7.9,-6.2,9.8
69.6650260899583,0.1,-7.6,6.2,-6.3,9.5
69.6650260899583,0.1,-7.6,6.2,-6.4,9.3
69.8203756081405,0.1,-7.7,6.3,-6.5,9
70.1794379647246,0.1,-7.9,6,-6.6,8.8
70.1794379647246,0.1,-7.9,6,-6.8,8.5
71.0238456576334,0.2,-8.7,5.4,-6.9,8.3
71.0238456576334,0.2,-8.7,5.4,-7.1,8
71.1929474594822,0.2,-9,5.2,-7.3,7.7
71.1929474594822,0.2,-9,5.2,-7.4,7.5
70.6269969658416,0.1,-9,5.9,-7.6,7.3
70.6269969658416,0.1,-9,5.9,-7.7,7.2
71.0571501800547,0.2,-9,5.6,-7.8,7
71.0571501800547,0.2,-9,5.6,-8,6.8
70.9968009769834,0.2,-9.1,5.4,-8.1,6.7
70.9968009769834,0.2,-9.1,5.4,-8.2,6.5
71.2862199307706,0.2,-9,5.3,-8.3,6.4
71.311765859165,0.2,-9.1,5.1,-8.4,6.2
71.311765859165,0.2,-9.1,5.1,-8.5,6.1
70.2156183859712,0.1,-8.6,6.2,-8.5,6
70.2156183859712,0.1,-8.6,6.2,-8.5,6
69.8244742496808,0.1,-8.4,6.4,-8.6,6
69.8244742496808,0.1,-8.4,6.4,-8.6,5.9
69.777397882709,0.1,-8.2,6.6,-8.6,5.9
69.777397882709,0.1,-8.2,6.6,-8.6,6
70.1228305181852,0.1,-8.3,6.1,-8.6,5.9
70.6578822038218,0.1,-8.4,5.3,-8.6,5.9
71.0957830514142,0.1,-8.2,4.8,-8.6,5.8
71.0957830514142,0.1,-8.2,4.8,-8.6,5.7
69.0328287288858,0.1,-6.9,5.9,-8.5,5.7
69.0328287288858,0.1,-6.9,5.9,-8.4,5.7
68.3591236899701,0.1,-6.6,6.4,-8.2,5.8
68.3591236899701,0.1,-6.6,6.4,-8.1,5.8
68.041509625429,0.1,-6.6,6.6,-8,5.9
68.7400320446211,0.1,-6.9,6.4,-7.9,5.9
68.7400320446211,0.1,-6.9,6.4,-7.8,5.9
69.1233520684141,0.1,-7.1,5.9,-7.8,6
70.4119914623372,0.1,-7.5,5.4,-7.7,5.9
70.4119914623372,0.1,-7.5,5.4,-7.7,5.9
71.9484073069877,0.2,-8.5,4,-7.7,5.8
71.9484073069877,0.2,-8.5,4,-7.7,5.7
73.3592267172,0.3,-9.4,2.7,-7.8,5.5
73.873738849775,0.3,-9.7,2.1,-7.9,5.2
73.873738849775,0.3,-9.7,2.1,-8,5
74.7455318229636,0.3,-10.2,1.2,-8.1,4.8
74.7455318229636,0.3,-10.2,1.2,-8.3,4.5
75.3824552037378,0.4,-10.7,0.8,-8.4,4.2
75.3824552037378,0.4,-10.7,0.8,-8.6,4
75.6262236266293,0.4,-10.8,0.7,-8.8,3.7
75.6262236266293,0.4,-10.8,0.7,-8.9,3.4
74.5115595537685,0.3,-10.1,1.8,-9,3.3
74.6974936904958,0.3,-10.3,1.3,-9.1,3.1
74.6974936904958,0.3,-10.3,1.3,-9.2,2.9
74.8950552139967,0.3,-10.2,1.3,-9.3,2.7
74.8950552139967,0.3,-10.2,1.3,-9.4,2.5
73.8462135636628,0.3,-9.6,2.3,-9.5,2.5
73.8462135636628,0.3,-9.6,2.3,-9.5,2.4
73.640003851349,0.3,-9.5,2.3,-9.6,2.3
73.640003851349,0.3,-9.5,2.3,-9.6,2.2
73.5480459145742,0.3,-9.6,2.2,-9.7,2.2
72.0242611362078,0.2,-8.8,3.9,-9.7,2.2
72.0242611362078,0.2,-8.8,3.9,-9.6,2.3
71.1342771741737,0.2,-8.3,4.7,-9.6,2.4
71.1342771741737,0.2,-8.3,4.7,-9.5,2.5
71.1030883251782,0.2,-8.4,4.6,-9.5,2.6
71.1030883251782,0.2,-8.4,4.6,-9.4,2.7
71.0040084174494,0.2,-8.4,4.7,-9.3,2.9
71.0040084174494,0.2,-8.4,4.7,-9.3,3
71.1748870457805,0.2,-8.3,4.8,-9.2,3.1
72.980757764326,0.2,-9,3,-9.2,3.2
72.980757764326,0.2,-9,3,-9.1,3.2
73.1628063212535,0.3,-9.2,2.6,-9.1,3.2
73.1628063212535,0.3,-9.2,2.6,-9.1,3.2
73.4466923913716,0.2,-9.5,2.1,-9.1,3.2
73.4466923913716,0.2,-9.5,2.1,-9.1,3.1
73.9937764473615,0.3,-9.7,1.8,-9.1,3.1
73.9937764473615,0.3,-9.7,1.8,-9.1,3
73.4340536315831,0.2,-9.5,2.5,-9.1,3
73.4340536315831,0.2,-9.5,2.5,-9.2,3
73.7169304473681,0.3,-9.3,2.4,-9.2,3
73.7169304473681,0.3,-9.3,2.4,-9.2,2.9
74.1383865508947,0.3,-9.1,2.3,-9.1,2.9
74.1383865508947,0.3,-9.1,2.3,-9.1,2.9
74.1358904771623,0.4,-9.1,2.3,-9.1,2.8
74.23468074079,0.4,-9.1,2.3,-9.1,2.8
74.23468074079,0.4,-9.1,2.3,-9.1,2.7
74.3615791915421,0.3,-9.2,2.2,-9.1,2.7
74.3615791915421,0.3,-9.2,2.2,-9.2,2.6
74.5855422418193,0.3,-9.5,1.8,-9.2,2.6
74.5855422418193,0.3,-9.5,1.8,-9.2,2.5
69.1062779214864,0.1,-7.2,7.2,-9.1,2.7
69.1062779214864,0.1,-7.2,7.2,-9,3
70.6895361054947,0.1,-8,5.5,-8.9,3.2
70.6895361054947,0.1,-8,5.5,-8.9,3.3
70.8923782789646,0.2,-7.9,5.6,-8.8,3.5
70.8818422433313,0.1,-7.8,5.6,-8.7,3.6
70.8818422433313,0.1,-7.8,5.6,-8.6,3.8
71.2807881393599,0.2,-8.1,4.4,-8.6,3.8
71.2807881393599,0.2,-8.1,4.4,-8.6,3.9
71.7200145605783,0.2,-8.2,3.9,-8.5,3.9
71.9087290992839,0.2,-8.4,3.7,-8.5,4
71.9087290992839,0.2,-8.4,3.7,-8.5,4
72.3691436464261,0.2,-8.6,3.4,-8.4,4
72.3691436464261,0.2,-8.6,3.4,-8.4,4
72.4503399613816,0.2,-8.6,3.3,-8.4,4
72.4503399613816,0.2,-8.6,3.3,-8.4,4
72.2160595280949,0.2,-8.6,3.3,-8.4,3.9
72.2160595280949,0.2,-8.6,3.3,-8.4,3.9
72.1051345357294,0.2,-8.4,3.6,-8.4,3.9
71.9962485467168,0.2,-8.5,3.5,-8.4,3.9
71.9962485467168,0.2,-8.5,3.5,-8.4,3.9
72.0163263500784,0.2,-8.4,3.6,-8.4,3.9
72.0163263500784,0.2,-8.4,3.6,-8.4,3.9
72.0147418271436,0.2,-8.5,3.5,-8.4,3.9
72.0147418271436,0.2,-8.5,3.5,-8.4,3.8
71.9919877634907,0.2,-8.5,3.4,-8.4,3.8
71.9545284221468,0.2,-8.4,3.6,-8.4,3.8
71.9545284221468,0.2,-8.4,3.6,-8.4,3.7
71.7646601590631,0.2,-8.3,3.7,-8.4,3.7
71.0465219154314,0.2,-7.8,4.4,-8.4,3.7
71.0465219154314,0.2,-7.8,4.4,-8.3,3.8
70.6696588604997,0.1,-7.7,4.6,-8.3,3.8
70.6696588604997,0.1,-7.7,4.6,-8.3,3.8
70.4996598848721,0.1,-7.5,5,-8.2,3.9
70.386177878179,0.1,-7.5,5,-8.2,4
70.386177878179,0.1,-7.5,5,-8.1,4
70.3609966446732,0.1,-7.5,5.1,-8.1,4.1
70.3609966446732,0.1,-7.5,5.1,-8,4.2
70.0567557725741,0.1,-7.4,5.6,-8,4.3
69.8737963600772,0.1,-7.2,4.7,-7.9,4.3
69.8737963600772,0.1,-7.2,4.7,-7.9,4.4
69.862003596626,0.1,-7,4.7,-7.8,4.4
69.862003596626,0.1,-7,4.7,-7.7,4.5
69.5807569886263,0.1,-6.5,4.8,-7.6,4.5
69.5807569886263,0.1,-6.5,4.8,-7.5,4.5
69.687506158451,0.1,-6,4.8,-7.4,4.6
69.687506158451,0.1,-6,4.8,-7.3,4.6
69.5382379373114,0.1,-5.7,5.3,-7.2,4.7
67.7702685534489,0.1,-5.3,7.1,-7,4.9
67.7702685534489,0.1,-5.3,7.1,-6.9,5
65.5811831691571,0,-4.4,9.4,-6.7,5.3
65.5811831691571,0,-4.4,9.4,-6.5,5.6
67.1665369196162,0.1,-4.4,8.6,-6.3,5.9
67.1665369196162,0.1,-4.4,8.6,-6.2,6.1
65.6660895372076,0,-4,9.5,-6,6.4
65.6660895372076,0,-4,9.5,-5.8,6.6
64.2941370263202,-0.1,-3.4,10.5,-5.6,6.9
63.8883161275106,-0.1,-3.3,10.7,-5.4,7.2
63.8883161275106,-0.1,-3.3,10.7,-5.2,7.5
62.3092222030882,-0.3,-2.6,11.4,-5,7.8
62.3092222030882,-0.3,-2.6,11.4,-4.8,8.1
62.5043877195611,-0.2,-2.6,11.4,-4.6,8.4
62.3911873031174,-0.2,-2.8,11.5,-4.4,8.7
62.3911873031174,-0.2,-2.8,11.5,-4.2,9
62.1788771786371,-0.3,-2.7,11.6,-4.1,9.2
62.1788771786371,-0.3,-2.7,11.6,-3.9,9.5
62.3455223697254,-0.2,-2.6,12,-3.8,9.7
68.1124680240343,0.1,-5,8.1,-3.8,9.7
67.6383329412357,0,-5.2,6.9,-3.8,9.6
67.6383329412357,0,-5.2,6.9,-3.9,9.5
64.6309333678833,0,-3.9,8,-3.8,9.5
64.6309333678833,0,-3.9,8,-3.8,9.5
64.2263225853211,0,-3.9,8.2,-3.8,9.4
64.2263225853211,0,-3.9,8.2,-3.8,9.4
64.563671541164,0,-3.8,8.1,-3.7,9.4
64.563671541164,0,-3.8,8.1,-3.7,9.3
64.827421392084,0,-3.9,7.8,-3.7,9.2
64.8913887417088,0,-3.9,7.8,-3.7,9.1
64.8913887417088,0,-3.9,7.8,-3.7,9
64.9692886983953,0,-4,7.6,-3.7,8.9
64.9692886983953,0,-4,7.6,-3.8,8.8
65.2928243631175,0,-4.2,7.3,-3.8,8.7
65.2928243631175,0,-4.2,7.3,-3.8,8.5
65.7484200114819,0.1,-4.1,7.1,-3.9,8.4
66.0031919804246,0,-4.2,7,-3.9,8.3
66.0031919804246,0,-4.2,7,-3.9,8.1
66.784754653428,0,-4.2,6.8,-4,8
66.784754653428,0,-4.2,6.8,-4,7.9
67.1360396751974,0,-4.3,6.2,-4,7.7
67.1360396751974,0,-4.3,6.2,-4.1,7.5
67.6576109334705,0,-4.6,6.1,-4.1,7.4
67.6576109334705,0,-4.6,6.1,-4.2,7.3
68.2680270796933,0.1,-5,5.5,-4.2,7.1
68.2680270796933,0.1,-5,5.5,-4.3,6.9
69.2309494806937,0.1,-5.4,4.8,-4.4,6.8
69.2309494806937,0.1,-5.4,4.8,-4.4,6.6
69.3094824258296,0.1,-5.6,4.5,-4.5,6.4
69.3665635925885,0.1,-5.5,4.6,-4.6,6.3
69.3665635925885,0.1,-5.5,4.6,-4.7,6.1
69.4460213094513,0.1,-5.5,4.5,-4.7,6
69.4460213094513,0.1,-5.5,4.5,-4.8,5.8
68.7873541106353,0.1,-5.3,5,-4.9,5.7
68.4703151580598,0.1,-5.3,4.9,-4.9,5.6
68.4703151580598,0.1,-5.3,4.9,-5,5.5
68.4540321887792,0.1,-5.1,5.1,-5,5.5
68.4581369894541,0.1,-5.2,5,-5,5.4
68.4581369894541,0.1,-5.2,5,-5.1,5.3
68.3969483881113,0.1,-5,5.1,-5.1,5.3
68.3969483881113,0.1,-5,5.1,-5.1,5.2
67.8045608021222,0.1,-4.8,5.6,-5.1,5.2
67.8045608021222,0.1,-4.8,5.6,-5.1,5.2
66.9944774859731,0,-4.7,6,-5.1,5.2
66.5596249353303,0,-4.4,6.4,-5,5.3
66.2360431251174,0.1,-4.5,6.6,-5,5.4
66.2360431251174,0.1,-4.5,6.6,-5,5.4
66.0782292850245,0,-4.2,7.2,-4.9,5.5
66.0782292850245,0,-4.2,7.2,-4.9,5.7
66.1795891373126,0.1,-4.3,7.3,-4.8,5.8
66.1795891373126,0.1,-4.3,7.3,-4.8,5.9
66.173166956489,0.1,-4.3,7.1,-4.8,6
66.173166956489,0.1,-4.3,7.1,-4.7,6.1
66.2957469963984,-0.1,-4.3,7.1,-4.7,6.2
66.4069178862759,0,-4.2,7.1,-4.6,6.3
66.4069178862759,0,-4.2,7.1,-4.6,6.3
66.6894400773209,0,-4.3,6.6,-4.6,6.4
66.6894400773209,0,-4.3,6.6,-4.5,6.4
67.4347847499675,0,-4.2,6.1,-4.5,6.5
68.2150957182201,0.1,-4.7,5.5,-4.5,6.4
68.2150957182201,0.1,-4.7,5.5,-4.5,6.4
69.240796181501,0.1,-5.2,4.6,-4.5,6.3
69.240796181501,0.1,-5.2,4.6,-4.5,6.2
68.731015961057,0.1,-5.6,5.2,-4.6,6.2
68.731015961057,0.1,-5.6,5.2,-4.7,6.1
69.1084990485246,0.1,-5.3,5,-4.7,6
69.1084990485246,0.1,-5.3,5,-4.7,6
72.8425293376797,0.3,-6.8,1.5,-4.9,5.7
73.6608355604449,0.4,-6.9,0.4,-5,5.3
73.6608355604449,0.4,-6.9,0.4,-5.2,5
73.9626011296844,0.4,-7.1,-0.1,-5.3,4.6
73.9626011296844,0.4,-7.1,-0.1,-5.4,4.2
72.1462739803284,0.3,-6.4,1.9,-5.5,4
69.6822787975257,0.1,-5.2,4.8,-5.5,4
69.6822787975257,0.1,-5.2,4.8,-5.5,4
67.9107057455739,0.1,-4.4,6.7,-5.5,4.1
67.9107057455739,0.1,-4.4,6.7,-5.5,4.2
67.7920432660111,0.1,-4.2,6.8,-5.4,4.3
67.7920432660111,0.1,-4.2,6.8,-5.3,4.4
67.4608217197682,0.1,-4.1,7.4,-5.3,4.6
66.4039569914891,0,-3.7,8.1,-5.2,4.8
66.4039569914891,0,-3.7,8.1,-5.1,5
65.4918602522421,0,-3.3,8.7,-5,5.2
65.4918602522421,0,-3.3,8.7,-4.9,5.4
64.5228440739455,-0.1,-3.2,9.2,-4.8,5.7
63.2480972722561,-0.2,-2.6,10.1,-4.6,6
63.2480972722561,-0.2,-2.6,10.1,-4.5,6.3
64.8846121971,-0.1,-2.6,8.8,-4.3,6.5
64.8846121971,-0.1,-2.6,8.8,-4.2,6.7
66.873432449183,0.1,-3.1,6.1,-4.1,6.8
66.7553985283209,0.1,-3,6.2,-4,6.8
66.7553985283209,0.1,-3,6.2,-3.8,6.8
67.0373818437989,0.1,-3.1,5.8,-3.8,6.8
67.0373818437989,0.1,-3.1,5.8,-3.7,6.8
67.6400849300564,0.2,-3.1,5.4,-3.6,6.8
68.027988864972,0.2,-3.1,5,-3.5,6.8
68.027988864972,0.2,-3.1,5,-3.4,6.7
68.3664983230861,0.3,-3.1,4.5,-3.4,6.6
68.9606001762733,0.3,-3.1,4.1,-3.3,6.5
68.9606001762733,0.3,-3.1,4.1,-3.2,6.4
69.555306273605,0.4,-3,3.5,-3.2,6.2
69.555306273605,0.4,-3,3.5,-3.2,6
70.6949787461815,0.6,-2.6,2.5,-3.1,5.8
62.0814298795632,-0.3,-0.5,7.7,-2.9,5.9
62.0814298795632,-0.3,-0.5,7.7,-2.7,6
63.7427161316648,-0.1,-0.9,6.7,-2.6,6
63.7427161316648,-0.1,-0.9,6.7,-2.5,6
66.5986535078883,0,-0.6,5.6,-2.3,5.9
65.8530158989052,0,-0.2,6.7,-2.1,5.9
65.8530158989052,0,-0.2,6.7,-2,5.9
67.3141436959501,0.1,-0.2,5.4,-1.8,5.8
67.3141436959501,0.1,-0.2,5.4,-1.7,5.8
70.1975840256932,0.3,-0.4,2.4,-1.6,5.5
65.7734687710794,0,0.3,5.5,-1.4,5.5
65.7734687710794,0,0.3,5.5,-1.3,5.4
65.728354004456,0,0.5,5.6,-1.1,5.4
65.728354004456,0,0.5,5.6,-1,5.4
67.128858792674,0.1,0.3,4.3,-0.9,5.3
67.9722250324123,0.1,0.2,3.7,-0.7,5.2
68.7220923897219,0.2,0.3,3,-0.6,5.1
68.7220923897219,0.2,0.3,3,-0.5,4.9
69.2585939923898,0.3,0.2,2.3,-0.4,4.7
70.1821197552166,0.3,0.1,1.5,-0.3,4.5
70.1821197552166,0.3,0.1,1.5,-0.3,4.3
70.9060343652842,0.4,0.2,0.8,-0.2,4.1
71.6242011587414,0.5,0.2,0,-0.1,3.8
72.2494847789069,0.6,0.1,-0.8,-0.1,3.4
72.2494847789069,0.6,0.1,-0.8,0,3.1
73.0943756243841,0.7,0,-1.9,0,2.7
73.8267517334898,0.8,0,-2.7,0,2.3
73.1512225435117,0.8,0.1,-2.2,0.1,1.9
73.1512225435117,0.8,0.1,-2.2,0.1,1.6
72.2989900699531,0.6,0.5,-1.5,0.1,1.3
72.2989900699531,0.6,0.5,-1.5,0.2,1
71.66922940394,0.5,0.6,-1.1,0.2,0.7
71.4929766325795,0.5,0.6,-1.1,0.2,0.5
71.9034780784027,0.6,0.8,-1.4,0.3,0.3
71.9034780784027,0.6,0.8,-1.4,0.3,0.1
72.1963116921337,0.6,0.6,-1.9,0.3,-0.2
72.1963116921337,0.6,0.6,-1.9,0.4,-0.4
72.421105072013,0.7,0.6,-2.2,0.4,-0.6
72.1431674967353,0.6,0.7,-2,0.4,-0.8
72.1431674967353,0.6,0.7,-2,0.4,-0.9
71.8090280085946,0.6,0.8,-1.9,0.5,-1.1
71.6064307446087,0.5,1,-1.7,0.5,-1.2
71.6064307446087,0.5,1,-1.7,0.5,-1.3
71.5578377702736,0.5,1,-1.7,0.6,-1.4
71.6929741692007,0.6,1,-1.9,0.6,-1.5
71.6929741692007,0.6,1,-1.9,0.7,-1.6
71.924476466519,0.6,1,-2.1,0.7,-1.7
72.0887095198958,0.6,1,-2.4,0.7,-1.7
72.0887095198958,0.6,1,-2.4,0.7,-1.8
72.5827305184237,0.7,1.1,-2.8,0.8,-1.9
72.5827305184237,0.7,1.1,-2.8,0.8,-2
72.4322941814922,0.7,1,-2.8,0.8,-2.1
72.7700328934706,0.7,1.1,-3.2,0.9,-2.1
72.7700328934706,0.7,1.1,-3.2,0.9,-2.2
73.0649499668023,0.8,1.1,-3.5,0.9,-2.3
73.0649499668023,0.8,1.1,-3.5,0.9,-2.4
71.9924966595197,0.6,1.1,-2.6,1,-2.4
71.8303349647766,0.6,1.2,-2.4,1,-2.5
71.8303349647766,0.6,1.2,-2.4,1,-2.5
71.8570776734804,0.6,1.2,-2.5,1,-2.5
71.4507238857877,0.5,1.4,-2.1,1.1,-2.5
71.4507238857877,0.5,1.4,-2.1,1.1,-2.5
71.0398363658839,0.5,1.5,-1.7,1.1,-2.4
71.0398363658839,0.5,1.5,-1.7,1.2,-2.4
69.8833652908978,0.3,1.7,-0.7,1.2,-2.3
69.7020613989771,0.3,1.9,-0.5,1.3,-2.2
69.7020613989771,0.3,1.9,-0.5,1.3,-2.1
71.2989805652551,0.4,1,-2.9,1.3,-2.1
71.2989805652551,0.4,1,-2.9,1.3,-2.2
74.8420015185702,0.7,0.3,-8.1,1.2,-2.6
74.8420015185702,0.7,0.3,-8.1,1.2,-2.9
74.6450745481241,0.7,0.5,-9.3,1.1,-3.3
75.3777446641177,0.7,0.1,-11.1,1.1,-3.9
75.3777446641177,0.7,0.1,-11.1,1,-4.4
75.5423780744142,0.8,0.2,-11.1,0.9,-4.9
75.5423780744142,0.8,0.2,-11.1,0.9,-5.3
77.2216690469056,1,-0.4,-13.8,0.8,-6
77.2216690469056,1,-0.4,-13.8,0.7,-6.6
78.1780819115243,1.1,-0.7,-15.1,0.6,-7.2
78.1780819115243,1.1,-0.7,-15.1,0.5,-7.9
76.7620436765597,0.9,-0.2,-13.1,0.4,-8.3
75.9221702172539,0.8,0,-12,0.4,-8.7
75.9221702172539,0.8,0,-12,0.3,-9.1
74.7518709891269,0.6,0.6,-10.3,0.3,-9.3
74.7518709891269,0.6,0.6,-10.3,0.3,-9.5
74.3362769203806,0.6,0.8,-9.7,0.3,-9.7
74.3362769203806,0.6,0.8,-9.7,0.4,-9.9
74.5552436462496,0.6,0.9,-9.7,0.4,-10
75.284690374252,0.6,0.4,-10.9,0.4,-10.2
74.7424914967692,0.6,0.5,-10.5,0.4,-10.3
74.7424914967692,0.6,0.5,-10.5,0.3,-10.5
69.1092042786761,0.2,1.5,-0.8,0.4,-10
69.1092042786761,0.2,1.5,-0.8,0.5,-9.5
69.1509012788084,0.2,1.7,-0.8,0.5,-9
69.1509012788084,0.2,1.7,-0.8,0.6,-8.5
69.953221365496,0.2,1.3,-2.1,0.7,-8.1
70.2926491883475,0.3,1,-2.7,0.7,-7.7
70.2926491883475,0.3,1,-2.7,0.7,-7.3
70.4483501173668,0.3,1.2,-2.7,0.8,-6.9
70.742732912307,0.3,1,-3.3,0.8,-6.6
70.742732912307,0.3,1,-3.3,0.8,-6.2
70.9854505120485,0.3,1,-3.5,0.9,-5.9
70.9854505120485,0.3,1,-3.5,0.9,-5.6
71.8089145944025,0.4,0.8,-4.6,0.9,-5.4
72.7208732773634,0.4,0.6,-6,0.9,-5.3
72.7208732773634,0.4,0.6,-6,0.9,-5.2
75.128908634972,0.6,-0.2,-9.3,0.8,-5.3
75.128908634972,0.6,-0.2,-9.3,0.8,-5.5
75.6292184817697,0.7,-0.5,-10.2,0.7,-5.7
75.6292184817697,0.7,-0.5,-10.2,0.6,-5.9
75.6515722903006,0.7,-0.4,-10.1,0.6,-6.1
75.4953203243909,0.7,-0.4,-10.4,0.5,-6.3
75.4953203243909,0.7,-0.4,-10.4,0.4,-6.6
75.2817127708207,0.8,-0.3,-10.4,0.4,-6.8
75.2817127708207,0.8,-0.3,-10.4,0.3,-7.1
74.7421472039974,0.8,0.3,-9.6,0.3,-7.3
74.7421472039974,0.8,0.3,-9.6,0.3,-7.5
74.8315700633114,0.7,0.3,-9.8,0.3,-7.7
74.5813117172565,0.6,0.5,-9.2,0.3,-7.9
74.5813117172565,0.6,0.5,-9.2,0.3,-8.1
73.6715401202714,0.5,1,-7.9,0.3,-8.2
73.6715401202714,0.5,1,-7.9,0.3,-8.3
72.9846154176718,0.4,1.1,-7.7,0.4,-8.3
72.5094148446383,0.4,1.4,-7.8,0.4,-8.4
72.9712793446523,0.4,1.3,-8.4,0.5,-8.5
72.9712793446523,0.4,1.3,-8.4,0.5,-8.6
73.9922860112488,0.5,1,-9.7,0.5,-8.7
73.9922860112488,0.5,1,-9.7,0.6,-8.8
74.7946250124007,0.6,0.6,-10.8,0.6,-9
74.7946250124007,0.6,0.6,-10.8,0.6,-9.2
75.6206274451449,0.7,0.5,-11.6,0.6,-9.4
75.5912357559197,0.7,0.4,-11.7,0.6,-9.6
75.5912357559197,0.7,0.4,-11.7,0.6,-9.7
75.2429218738729,0.6,0.6,-10.9,0.6,-9.8
74.1958756056076,0.5,1,-10,0.6,-9.9
74.1958756056076,0.5,1,-10,0.7,-9.9
74.2691259236028,0.5,1,-10,0.7,-9.9
74.1517215117761,0.5,1,-9.8,0.7,-9.9
74.1517215117761,0.5,1,-9.8,0.8,-9.9
73.4005946973038,0.4,1.1,-8.4,0.8,-9.8
73.4005946973038,0.4,1.1,-8.4,0.8,-9.7
72.3920392952331,0.4,1.3,-7.1,0.9,-9.6
72.3920392952331,0.4,1.3,-7.1,0.9,-9.4
72.3549171975955,0.4,1.2,-7.3,0.9,-9.3
72.4339846174928,0.4,1.3,-7.2,1,-9.1
72.4339846174928,0.4,1.3,-7.2,1,-9
72.5748612209714,0.4,1.2,-7.6,1,-8.9
72.5748612209714,0.4,1.2,-7.6,1,-8.8
72.6251632838782,0.4,1.3,-7.7,1.1,-8.7
72.9690065649634,0.4,1.2,-8.4,1.1,-8.7
72.9690065649634,0.4,1.2,-8.4,1.1,-8.6
74.6619761517047,0.6,0.8,-10.5,1.1,-8.7
74.6619761517047,0.6,0.8,-10.5,1.1,-8.8
75.5352756137377,0.7,0.4,-11.5,1,-9
75.5352756137377,0.7,0.4,-11.5,1,-9.1
76.0884749687739,0.7,0.5,-11.9,1,-9.3
75.3750522304227,0.6,0.9,-10.6,0.9,-9.4
75.3750522304227,0.6,0.9,-10.6,0.9,-9.4
72.7504481869754,0.4,2.3,-6.2,1,-9.2
72.7504481869754,0.4,2.3,-6.2,1.1,-9
74.0296977505101,0.5,1.4,-8.7,1.1,-9
74.0296977505101,0.5,1.4,-8.7,1.2,-8.9
74.0981097598103,0.5,1.1,-8.8,1.2,-8.9
74.0981097598103,0.5,1.1,-8.8,1.2,-8.9
72.9748367178671,0.4,1.2,-8.3,1.2,-8.9
72.9748367178671,0.4,1.2,-8.3,1.2,-8.8
71.959569223587,0.3,1.7,-6.8,1.2,-8.7
71.959569223587,0.3,1.7,-6.8,1.2,-8.6
71.7154412097161,0.4,1.7,-5.7,1.3,-8.4
71.7154412097161,0.4,1.7,-5.7,1.3,-8.2
73.2424305781897,0.4,1.3,-7.8,1.3,-8.2
73.2424305781897,0.4,1.3,-7.8,1.3,-8.2
74.8396168685774,0.5,1,-10.1,1.3,-8.3
74.8396168685774,0.5,1,-10.1,1.3,-8.4
75.1115668225422,0.5,0.8,-10.9,1.3,-8.5
75.0292536582803,0.5,0.5,-10.9,1.2,-8.7
75.0292536582803,0.5,0.5,-10.9,1.2,-8.8
76.8610428655336,0.7,0.1,-13.2,1.1,-9.1
76.8610428655336,0.7,0.1,-13.2,1,-9.4
77.1099273349188,0.8,-0.2,-13.8,1,-9.7
77.1099273349188,0.8,-0.2,-13.8,0.9,-9.9
77.4726215349239,0.9,-0.3,-14.4,0.8,-10.3
77.641880490876,0.8,-0.4,-14.7,0.7,-10.6
77.641880490876,0.8,-0.4,-14.7,0.6,-10.9
77.6558425563871,0.9,-0.6,-15,0.5,-11.2
77.6558425563871,0.9,-0.6,-15,0.4,-11.5
77.6388865387835,0.8,-0.4,-14.8,0.3,-11.8
77.6375350869731,0.8,-0.4,-14.9,0.3,-12.1
77.6375350869731,0.8,-0.4,-14.9,0.2,-12.4
77.358284425207,0.8,-0.1,-14.3,0.2,-12.6
77.358284425207,0.8,-0.1,-14.3,0.1,-12.8
74.9881827397862,0.5,0.7,-10.9,0.1,-12.8
74.9881827397862,0.5,0.7,-10.9,0.1,-12.8
73.9748221814093,0.4,1,-9.7,0.2,-12.7
73.9748221814093,0.4,1,-9.7,0.2,-12.6
74.3713091037516,0.5,0.9,-9.8,0.2,-12.5
74.3713091037516,0.5,0.9,-9.8,0.3,-12.3
74.3392584581346,0.5,0.8,-10,0.3,-12.2
74.3479348571129,0.5,0.8,-9.9,0.3,-12.1
74.3479348571129,0.5,0.8,-9.9,0.3,-12
74.3152403715296,0.5,0.8,-10.1,0.4,-11.9
74.3152403715296,0.5,0.8,-10.1,0.4,-11.7
74.4441783571357,0.5,0.9,-10.2,0.4,-11.6
74.4441783571357,0.5,0.9,-10.2,0.5,-11.5
74.3961514248548,0.5,0.9,-10.2,0.5,-11.4
74.501618454913,0.5,0.9,-10.2,0.6,-11.2
74.501618454913,0.5,0.9,-10.2,0.6,-11.1
74.5027104090636,0.5,0.9,-10.2,0.6,-11
74.5027104090636,0.5,0.9,-10.2,0.7,-10.9
74.4457797117073,0.5,0.8,-10.4,0.7,-10.8
74.4457797117073,0.5,0.8,-10.4,0.7,-10.7
74.495076767687,0.5,0.9,-10.2,0.7,-10.6
72.9874379295305,0.4,1.3,-8.6,0.8,-10.4
72.9874379295305,0.4,1.3,-8.6,0.8,-10.2
71.5110381688153,0.2,1.7,-6.8,0.9,-10
71.5110381688153,0.2,1.7,-6.8,1,-9.7
71.2556515219838,0.2,1.6,-6.6,1,-9.4
71.2556515219838,0.2,1.6,-6.6,1.1,-9.2
71.1970690074808,0.2,1.6,-6.7,1.1,-9
71.2944604236522,0.2,1.7,-6.5,1.2,-8.8
71.2944604236522,0.2,1.7,-6.5,1.2,-8.6
71.2763038599736,0.2,1.6,-6.6,1.3,-8.4
71.2763038599736,0.2,1.6,-6.6,1.3,-8.3
71.3648286767768,0.3,1.6,-6.5,1.3,-8.1
71.3648286767768,0.3,1.6,-6.5,1.4,-7.9
71.3776109492681,0.2,1.6,-6.5,1.4,-7.8
71.2198102188247,0.2,1.6,-6.7,1.4,-7.7
71.2198102188247,0.2,1.6,-6.7,1.4,-7.6
71.1322296148384,0.2,1.7,-6.2,1.5,-7.4
71.1322296148384,0.2,1.7,-6.2,1.5,-7.3
70.9592344198991,0.2,1.8,-6.2,1.5,-7.2
70.8638591884313,0.2,1.9,-5.8,1.6,-7
70.8638591884313,0.2,1.9,-5.8,1.6,-6.9
70.3319945201778,0.2,2,-5.2,1.6,-6.7
70.3319945201778,0.2,2,-5.2,1.7,-6.6
69.9649628655327,0.2,2.1,-5.1,1.7,-6.4
69.9649628655327,0.2,2.1,-5.1,1.7,-6.3
70.0996848242163,0.2,2.2,-4.9,1.8,-6.1
70.0422718348741,0.2,2.2,-4.9,1.8,-6
70.0422718348741,0.2,2.2,-4.9,1.9,-5.9
70.1062624867317,0.2,2.1,-5,1.9,-5.8
70.1062624867317,0.2,2.1,-5,1.9,-5.7
70.540350516386,0.2,2,-5.6,1.9,-5.7
70.540350516386,0.2,2,-5.6,1.9,-5.6
70.4420380269428,0.2,2,-5.8,1.9,-5.6
70.4800690122563,0.2,2.2,-5.5,2,-5.6
70.4800690122563,0.2,2.2,-5.5,2,-5.6
70.4586518622044,0.2,2.1,-5.6,2,-5.6
70.4191147655823,0.2,2.2,-5.5,2,-5.5
70.4191147655823,0.2,2.2,-5.5,2,-5.5
70.4141754523622,0.2,2.1,-5.5,2.1,-5.5
70.4141754523622,0.2,2.1,-5.5,2.1,-5.5
70.2579803792063,0.2,2.1,-5.4,2.1,-5.5
70.2579803792063,0.2,2.1,-5.4,2.1,-5.4
69.7049602036559,0.2,2.3,-4.7,2.1,-5.4
67.3506802194302,0.1,2.5,-2.1,2.1,-5.2
67.3506802194302,0.1,2.5,-2.1,2.2,-5
65.716806767429,0.1,2.3,0.5,2.2,-4.6
65.716806767429,0.1,2.3,0.5,2.2,-4.2
64.8480523767145,0,2.4,1.6,2.2,-3.8
64.8480523767145,0,2.4,1.6,2.2,-3.4
64.8000820141366,-0.1,2.3,1.4,2.2,-3.1
64.9204807575626,0,2.4,1.7,2.2,-2.7
64.9204807575626,0,2.4,1.7,2.3,-2.3
64.143904081042,-0.1,2.5,2.6,2.3,-1.9
64.143904081042,-0.1,2.5,2.6,2.3,-1.6
63.6515449804547,-0.1,2.7,3.8,2.3,-1.1
63.6515449804547,-0.1,2.7,3.8,2.4,-0.7
63.3367891450748,-0.1,2.8,4.2,2.4,-0.3
61.2425056459474,-0.2,3.5,5.7,2.5,0.2
61.2425056459474,-0.2,3.5,5.7,2.5,0.7
60.0432005840951,-0.4,3.9,6.7,2.6,1.3
60.0432005840951,-0.4,3.9,6.7,2.7,1.8
59.2796187412271,-0.4,4.1,7.5,2.8,2.3
59.2796187412271,-0.4,4.1,7.5,2.9,2.8
58.8206546366641,-0.4,4.2,7.6,3,3.2
58.6743202501977,-0.5,4.1,7.7,3.1,3.7
58.6743202501977,-0.5,4.1,7.7,3.2,4.1
58.7960215862702,-0.5,4.3,7.7,3.3,4.5
58.6111474886692,-0.5,4.2,7.7,3.4,4.9
58.6111474886692,-0.5,4.2,7.7,3.5,5.2
58.8533785404975,-0.5,4.3,7.6,3.6,5.5
58.4890263991359,-0.5,4.3,7.8,3.6,5.8
58.4890263991359,-0.5,4.3,7.8,3.7,6.1
58.3277549771626,-0.5,4.2,7.8,3.8,6.3
58.3754266574451,-0.5,4.3,8.1,3.8,6.5
58.3754266574451,-0.5,4.3,8.1,3.9,6.7
58.3970906899427,-0.4,4.5,8.2,3.9,6.9
58.2412892193721,-0.5,4.4,8,4,7.1
58.2412892193721,-0.5,4.4,8,4.1,7.2
59.3345475571129,-0.5,4.4,7.6,4.1,7.3
59.3594023578892,-0.5,4.5,7.7,4.2,7.4
59.3594023578892,-0.5,4.5,7.7,4.2,7.5
59.4517755504886,-0.4,4.5,7.6,4.2,7.6
59.4380047672676,-0.4,4.5,7.7,4.3,7.6
59.3943662725305,-0.4,4.4,7.5,4.3,7.6
59.3943662725305,-0.4,4.4,7.5,4.3,7.7
59.6519671210617,-0.4,4.5,7.5,4.3,7.7
59.4840865854509,-0.4,4.4,7.5,4.4,7.7
59.4840865854509,-0.4,4.4,7.5,4.4,7.7
58.6810933010762,-0.6,3.6,7.1,4.3,7.7
58.6810933010762,-0.6,3.6,7.1,4.3,7.6
58.8446923940806,-0.6,3.2,5.8,4.2,7.5
60.4197924016268,-0.5,2.9,5.1,4.1,7.3
60.4197924016268,-0.5,2.9,5.1,4,7.2
63.3491541174073,-0.2,2.1,2.7,3.9,6.9
63.3491541174073,-0.2,2.1,2.7,3.8,6.6
65.5169250031622,0,1.7,1.1,3.6,6.2
65.5169250031622,0,1.7,1.1,3.5,5.8
66.5749773855297,0.1,1.7,0,3.4,5.4
64.4905942679315,-0.1,2.7,2.8,3.3,5.2
64.4905942679315,-0.1,2.7,2.8,3.2,4.9
65.7819069559164,0.1,2.5,1.3,3.1,4.6
65.7819069559164,0.1,2.5,1.3,3.1,4.3
66.0738327372778,0,2.3,0.9,3,4
66.0738327372778,0,2.3,0.9,2.9,3.7
66.2114009471337,0.1,2.4,0.6,2.8,3.4
66.2490894584311,0.1,2.1,0.6,2.8,3.2
66.2490894584311,0.1,2.1,0.6,2.7,2.9
66.0760715794719,0,2.2,0.7,2.6,2.6
66.3232102511367,-0.1,2.3,0.7,2.6,2.4
66.3232102511367,-0.1,2.3,0.7,2.5,2.2
66.4683652882396,0,2.3,0.6,2.5,2
66.4683652882396,0,2.3,0.6,2.4,1.8
68.8075096045268,0.1,1.9,-2.6,2.4,1.4
68.8075096045268,0.1,1.9,-2.6,2.3,1.1
69.1377166382596,0.1,1.6,-2.7,2.3,0.7
69.1377166382596,0.1,1.6,-2.7,2.2,0.4
68.5828104978826,0.1,1.7,-2.2,2.1,0.2
68.5828104978826,0.1,1.7,-2.2,2.1,-0.1
67.4522476111044,0.1,1.6,-1,2.1,-0.2
67.4522476111044,0.1,1.6,-1,2,-0.4
67.7183579583985,0.1,1.8,-1.1,2,-0.5
67.8568000869637,0.1,1.7,-1.2,2,-0.6
67.8568000869637,0.1,1.7,-1.2,1.9,-0.7
68.0177445361106,0.1,1.8,-1.5,1.9,-0.8
68.0177445361106,0.1,1.8,-1.5,1.9,-0.9
68.0778325103095,0.1,1.7,-1.6,1.9,-1
68.0778325103095,0.1,1.7,-1.6,1.9,-1.1
67.5459219143381,0.1,1.6,-1,1.8,-1.1
67.3669084654041,0,2,-0.9,1.8,-1.1
67.3669084654041,0,2,-0.9,1.8,-1.1
68.096372832629,0.1,1.9,-1.9,1.8,-1.2
68.096372832629,0.1,1.9,-1.9,1.8,-1.3
68.0681973730089,0.1,1.9,-1.8,1.8,-1.4
68.0681973730089,0.1,1.9,-1.8,1.8,-1.4
71.8511545421201,0.3,1.6,-6.9,1.8,-1.8
72.7155835471578,0.3,1.5,-7.8,1.8,-2.2
72.7155835471578,0.3,1.5,-7.8,1.8,-2.6
73.3667894860645,0.4,1.8,-8,1.8,-3
73.3667894860645,0.4,1.8,-8,1.8,-3.4
72.998406769144,0.4,2,-7.4,1.8,-3.7
72.9430371189192,0.4,2.1,-7.3,1.8,-4
72.9430371189192,0.4,2.1,-7.3,1.8,-4.3
72.5940787494759,0.4,2.1,-7,1.8,-4.5
71.9018044787349,0.3,2.1,-6.2,1.9,-4.7
71.1929991847283,0.3,2.3,-5.7,1.9,-4.8
71.1929991847283,0.3,2.3,-5.7,1.9,-5
71.145544749248,0.2,2,-5.7,1.9,-5.1
71.145544749248,0.2,2,-5.7,1.9,-5.2
71.8367086609134,0.3,1.6,-7,1.9,-5.4
71.0748730543221,0.2,1.7,-6.5,1.9,-5.6
71.0748730543221,0.2,1.7,-6.5,1.9,-5.7
70.4885148612348,0.2,1.9,-5.9,1.9,-5.8
70.4885148612348,0.2,1.9,-5.9,1.9,-5.9
69.9536858878145,0.1,1.9,-5.5,1.9,-5.9
69.9536858878145,0.1,1.9,-5.5,1.9,-6
69.4712656731607,0.1,1.9,-5.2,1.9,-6
69.5243400237709,0.1,2,-5,1.9,-6
69.5243400237709,0.1,2,-5,1.9,-5.9
69.4697628401701,0.1,2,-5,1.9,-5.9
69.4697628401701,0.1,2,-5,1.9,-5.9
69.420988909668,0.1,2.1,-5,1.9,-5.8
69.420988909668,0.1,2.1,-5,2,-5.8
69.4844168213236,0.1,2,-5,2,-5.7
69.0359068366291,0.1,2.2,-4.7,2,-5.6
69.0359068366291,0.1,2.2,-4.7,2,-5.5
68.4438029357416,0.1,2.5,-3.4,2,-5.3
68.4438029357416,0.1,2.5,-3.4,2.1,-5.2
66.611649101562,0.1,2.6,-1.6,2.1,-4.9
66.611649101562,0.1,2.6,-1.6,2.1,-4.7
64.456135710627,-0.1,2.5,1.3,2.2,-4.2
64.456135710627,-0.1,2.5,1.3,2.2,-3.8
63.2755387123381,-0.1,2.5,2.9,2.2,-3.3
62.9082514605394,-0.1,2.6,3.5,2.2,-2.8
62.9082514605394,-0.1,2.6,3.5,2.3,-2.3
63.1631191385398,-0.1,2.5,3.2,2.3,-1.9
63.1631191385398,-0.1,2.5,3.2,2.3,-1.4
65.4504511773203,0,2.8,-0.7,2.4,-1.3
67.8583191592913,0.1,2.6,-2.9,2.4,-1.3
67.8583191592913,0.1,2.6,-2.9,2.4,-1.3
68.1956854497857,0.1,2.6,-3.2,2.4,-1.3
68.8353958865129,0.1,2.3,-3.9,2.4,-1.4
68.8353958865129,0.1,2.3,-3.9,2.4,-1.5
70.0235048349861,0.2,1.9,-5.2,2.4,-1.7
70.0235048349861,0.2,1.9,-5.2,2.4,-1.8
70.4052787258384,0.2,2.1,-5.4,2.4,-2
70.4052787258384,0.2,2.1,-5.4,2.4,-2.2
70.721309839583,0.2,2,-5.9,2.3,-2.4
70.754495636397,0.2,1.9,-6,2.3,-2.7
70.754495636397,0.2,1.9,-6,2.3,-2.9
70.7653267129886,0.2,1.9,-6.1,2.3,-3.1
70.7653267129886,0.2,1.9,-6.1,2.2,-3.3
70.3431858532716,0.2,1.9,-5.5,2.2,-3.5
69.4762885701405,0.1,2.1,-4.3,2.2,-3.6
69.4762885701405,0.1,2.1,-4.3,2.2,-3.7
62.9500304590756,-0.1,2.5,3.6,2.2,-3.3
62.9500304590756,-0.1,2.5,3.6,2.2,-2.9
61.4823009582948,-0.2,3.1,4.7,2.3,-2.5
61.4823009582948,-0.2,3.1,4.7,2.3,-2.1
60.4838468937195,-0.3,3.1,5.1,2.4,-1.6
60.0364212734708,-0.4,2.9,5.1,2.4,-1.2
60.0364212734708,-0.4,2.9,5.1,2.4,-0.8
60.6018330024078,-0.4,2.6,4.6,2.4,-0.4
60.6018330024078,-0.4,2.6,4.6,2.4,-0.1
62.4576803549305,-0.2,2.4,3.3,2.4,0.2
62.4576803549305,-0.2,2.4,3.3,2.4,0.5
65.0337530810209,-0.1,2.2,1.2,2.4,0.6
66.6418804047267,0.1,1.8,-0.4,2.4,0.7
66.6418804047267,0.1,1.8,-0.4,2.4,0.7
67.3019081663374,0,1.8,-1,2.3,0.7
67.5139873152761,0.1,1.8,-1.4,2.3,0.7
67.5139873152761,0.1,1.8,-1.4,2.3,0.7
68.0024190291022,0.1,1.5,-2.4,2.2,0.6
68.0024190291022,0.1,1.5,-2.4,2.2,0.5
68.4198836414959,0.1,1.4,-2.7,2.1,0.3
68.4198836414959,0.1,1.4,-2.7,2.1,0.2
66.8296979873796,0,1.9,-0.8,2.1,0.2
66.8296979873796,0,1.9,-0.8,2,0.2
66.8266662636784,0,2,-0.8,2,0.1
66.8352661765618,0,2,-0.8,2,0.1
66.8352661765618,0,2,-0.8,2,0
66.7349327724961,0,1.7,-0.7,2,-0.1
66.7349327724961,0,1.7,-0.7,2,-0.1
66.7280290254877,0,1.8,-0.5,1.9,-0.2
64.2611269027941,-0.1,2.3,1.6,1.9,-0.2
64.2611269027941,-0.1,2.3,1.6,1.9,-0.1
64.0812081922385,-0.1,2.4,2.1,2,0
64.1514119866,-0.1,2.4,1.7,2,0
64.1514119866,-0.1,2.4,1.7,2,0.1
64.5149376229576,-0.1,2.4,1.4,2,0.1
64.5149376229576,-0.1,2.4,1.4,2,0.2
64.6032863115049,0,2.4,1.3,2.1,0.2
64.6032863115049,0,2.4,1.3,2.1,0.3
64.467175190757,-0.1,2.3,1.2,2.1,0.4
63.8329082447602,-0.1,2.4,2.3,2.1,0.5
63.8329082447602,-0.1,2.4,2.3,2.2,0.6
63.5780864555931,-0.1,2.4,2.5,2.2,0.8
63.5780864555931,-0.1,2.4,2.5,2.2,1
63.6133648346087,-0.1,2.4,2.5,2.2,1.1
63.7095508060634,-0.1,2.4,2.6,2.2,1.3
63.7095508060634,-0.1,2.4,2.6,2.3,1.4
63.5634126107305,-0.1,2.4,2.4,2.3,1.5
63.5634126107305,-0.1,2.4,2.4,2.3,1.6
63.7415243620715,-0.1,2.4,2.6,2.3,1.8
63.8659416267293,-0.1,2.5,2.2,2.3,1.8
64.0725292754134,-0.1,2.5,2.2,2.4,1.9
64.3702971771547,0,2.4,1.9,2.4,1.9
64.3702971771547,0,2.4,1.9,2.4,2
64.7068861675898,0,2.3,1.2,2.4,2
64.7068861675898,0,2.3,1.2,2.4,1.9
64.8653750977312,0,2.4,1.3,2.4,1.9
64.8653750977312,0,2.4,1.3,2.4,1.9
64.7699514481081,0,2.3,1.1,2.4,1.9
65.0408357853996,-0.1,2.6,1,2.4,1.8
65.0408357853996,-0.1,2.6,1,2.4,1.8
65.0676990723328,-0.1,2.6,0.9,2.4,1.7
65.0676990723328,-0.1,2.6,0.9,2.4,1.6
64.9157345089503,0,2.3,1,2.4,1.6
64.9157345089503,0,2.3,1,2.4,1.5
64.4865903038811,-0.1,2.4,1.6,2.4,1.5
63.7601831551018,-0.1,2.4,2.6,2.4,1.6
64.0174359774085,-0.1,2.4,2.4,2.4,1.6
64.0174359774085,-0.1,2.4,2.4,2.4,1.7
65.3756453811027,0,2.3,0.4,2.4,1.6
65.3756453811027,0,2.3,0.4,2.4,1.5
65.616477706817,0,2.4,-0.1,2.4,1.4
65.616477706817,0,2.4,-0.1,2.4,1.3
65.404673544935,-0.1,2.7,0,2.4,1.2
68.7360812758198,0.2,2.2,-3,2.4,0.9
68.7360812758198,0.2,2.2,-3,2.4,0.6
70.7608718120741,0.2,1.8,-5.6,2.4,0.2
70.7608718120741,0.2,1.8,-5.6,2.3,-0.3
71.8566192121062,0.3,1.8,-6.6,2.3,-0.7
71.8566192121062,0.3,1.8,-6.6,2.2,-1.2
71.632052226818,0.3,1.8,-6.5,2.2,-1.6
71.810693751271,0.3,1.8,-6.9,2.2,-2
71.8304202181462,0.3,1.8,-7,2.2,-2.4
71.8304202181462,0.3,1.8,-7,2.1,-2.8
71.5806269162921,0.3,1.7,-6.8,2.1,-3.2
71.5806269162921,0.3,1.7,-6.8,2.1,-3.5
71.4311956036902,0.2,1.7,-6.5,2,-3.8
71.4311956036902,0.2,1.7,-6.5,2,-4.1
71.6226718061647,0.3,1.9,-6.1,2,-4.4
71.6226718061647,0.3,1.9,-6.1,2,-4.6
69.8777511220535,0.2,2.9,-3.4,2,-4.6
69.8777511220535,0.2,2.9,-3.4,2.1,-4.7
68.5614674994354,0.1,3,-2.5,2.1,-4.6
68.9652451337503,0.2,2.9,-2.9,2.2,-4.6
68.9652451337503,0.2,2.9,-2.9,2.2,-4.6
69.1532535554776,0.2,3,-3.1,2.3,-4.6
69.1532535554776,0.2,3,-3.1,2.3,-4.6
69.2955953237858,0.1,2.6,-3.9,2.3,-4.6
69.2955953237858,0.1,2.6,-3.9,2.4,-4.6
69.0078635585456,0.1,2.3,-3.8,2.4,-4.5
69.0078635585456,0.1,2.3,-3.8,2.4,-4.5
68.4913233332483,0.1,2.4,-3.6,2.4,-4.4
68.4913233332483,0.1,2.4,-3.6,2.4,-4.4
68.0282796945639,0.1,2.4,-3.1,2.4,-4.3
66.4752914460829,0,2.5,-0.9,2.4,-4
66.4752914460829,0,2.5,-0.9,2.4,-3.8
66.9805090742749,0,2.4,-1.1,2.4,-3.6
66.9805090742749,0,2.4,-1.1,2.4,-3.3
66.1931515520494,0.1,2.5,-0.1,2.5,-3.1
66.1931515520494,0.1,2.5,-0.1,2.5,-2.8
66.0689479750721,0,2.6,0.1,2.5,-2.5
66.0689479750721,0,2.6,0.1,2.5,-2.3
66.0518203488632,0,2.5,0,2.5,-2.1
65.9979067497538,-0.1,2.4,-0.1,2.5,-1.9
65.9979067497538,-0.1,2.4,-0.1,2.5,-1.7
66.0070273543883,0,2.6,0.1,2.5,-1.5
65.7083850988297,0,2.5,0.1,2.5,-1.3
65.7083850988297,0,2.5,0.1,2.5,-1.2
64.496987181311,0,2.6,1.5,2.5,-0.9
64.496987181311,0,2.6,1.5,2.5,-0.7
65.1625045009548,0,2.5,0.8,2.5,-0.6
65.1625045009548,0,2.5,0.8,2.5,-0.4
65.8141961707624,0.1,2.6,0.2,2.5,-0.3
65.8141961707624,0.1,2.6,0.2,2.5,-0.2
65.7816837466777,0.1,2.5,-0.4,2.5,-0.2
65.7816837466777,0.1,2.5,-0.4,2.5,-0.1
65.9469111892736,-0.1,2.6,0.1,2.5,-0.1
65.9469111892736,-0.1,2.6,0.1,2.5,0
65.4175311472431,-0.1,2.6,0.9,2.5,0.1
65.4175311472431,-0.1,2.6,0.9,2.5,0.2
65.5310213808249,-0.1,2.3,1,2.5,0.3
65.5310213808249,-0.1,2.3,1,2.5,0.3
66.0762972821588,0,2.2,0.4,2.5,0.4
66.3181355102334,-0.1,2.1,0.2,2.5,0.4
66.3181355102334,-0.1,2.1,0.2,2.4,0.4
66.2890470409033,0,2,0,2.4,0.4
66.4556408680309,0,2.2,0.1,2.4,0.4
66.4556408680309,0,2.2,0.1,2.4,0.4
66.5321754145296,0,2.2,-0.2,2.4,0.3
66.5321754145296,0,2.2,-0.2,2.3,0.3
66.3340557628832,-0.1,2.1,-0.1,2.3,0.3
66.2050329314804,0.1,2.2,-0.2,2.3,0.2
66.2050329314804,0.1,2.2,-0.2,2.3,0.2
65.8556933487766,-0.1,2.3,0.5,2.3,0.2
65.7916562684447,0.1,2.3,0.3,2.3,0.2
65.7916562684447,0.1,2.3,0.3,2.3,0.2
65.9064944064521,-0.1,2.2,0.2,2.3,0.2
65.9064944064521,-0.1,2.2,0.2,2.3,0.2
65.9168624829688,-0.1,2.1,0,2.2,0.2
66.2005420902364,0.1,2.2,-0.4,2.2,0.1
66.2005420902364,0.1,2.2,-0.4,2.2,0.1
66.2221414801563,0.1,2.2,-0.3,2.2,0.1
66.2777281481725,0,1.9,-0.2,2.2,0
66.2777281481725,0,1.9,-0.2,2.2,0
66.3576265742828,-0.1,2,-0.2,2.2,0
66.9983687939416,0.1,2,-0.6,2.1,0
66.9983687939416,0.1,2,-0.6,2.1,-0.1
67.2416658656872,0.1,2.2,-1.3,2.1,-0.2
67.2416658656872,0.1,2.2,-1.3,2.1,-0.3
67.3393611525788,0.1,2.3,-1.1,2.1,-0.3
67.453021328085,0.1,2.2,-1.5,2.1,-0.4
70.5703146626001,0.2,2.1,-4.6,2.1,-0.7
70.5703146626001,0.2,2.1,-4.6,2.1,-1
70.9894175304059,0.2,2.1,-5.2,2.1,-1.3
70.9894175304059,0.2,2.1,-5.2,2.1,-1.6
66.2951445771378,-0.1,3.7,0.1,2.2,-1.5
66.2951445771378,-0.1,3.7,0.1,2.3,-1.4
65.8230658093929,0,4,0.5,2.4,-1.4
65.8230658093929,0,4,0.5,2.5,-1.3
66.2983350344498,-0.1,4.6,0.5,2.7,-1.2
65.6159593197216,0,5.3,0.5,2.9,-1.1
65.6159593197216,0,5.3,0.5,3.1,-1
66.1233911615455,0.1,6.3,0,3.3,-1
66.1233911615455,0.1,6.3,0,3.5,-0.9
66.7439586817684,0.1,5.9,-0.4,3.7,-0.9
66.7439586817684,0.1,5.9,-0.4,3.9,-0.9
66.9305943012306,0,6,-0.5,4.1,-0.8
67.3802182572733,0,5.9,-0.9,4.2,-0.8
67.3802182572733,0,5.9,-0.9,4.4,-0.8
67.1142295428964,0.1,5.8,-0.7,4.5,-0.8
67.1142295428964,0.1,5.8,-0.7,4.7,-0.8
67.2510399349682,0,5.9,-0.5,4.8,-0.8
67.0017745905941,0.1,5.7,-0.4,4.9,-0.7
67.0017745905941,0.1,5.7,-0.4,5,-0.7
62.7270791342411,-0.2,6,3.3,5.2,-0.4
62.7270791342411,-0.2,6,3.3,5.3,-0.2
62.4606988243514,-0.2,6.4,3.5,5.4,0.1
62.7387977222018,-0.1,6.1,2.6,5.5,0.3
62.7387977222018,-0.1,6.1,2.6,5.6,0.5
67.7505086601709,0.1,6.8,-4.1,5.7,0.3
67.7505086601709,0.1,6.8,-4.1,5.8,0
68.6974723458338,0.1,6.8,-5,5.9,-0.2
68.6974723458338,0.1,6.8,-5,6,-0.5
69.8741435346646,0.2,6.7,-6.6,6.1,-0.9
69.8741435346646,0.2,6.7,-6.6,6.2,-1.3
70.2236510057786,0.2,6.9,-6.7,6.3,-1.7
70.1971855900005,0.2,6.9,-6.7,6.3,-2.1
70.4399584508938,0.2,6.9,-7,6.4,-2.5
70.4399584508938,0.2,6.9,-7,6.4,-2.8
70.6335148071302,0.2,6.9,-7.2,6.5,-3.2
70.6335148071302,0.2,6.9,-7.2,6.5,-3.5
70.7094458170545,0.2,6.7,-7.6,6.5,-3.9
70.7094458170545,0.2,6.7,-7.6,6.6,-4.2
70.6526940950104,0.2,6.8,-7.3,6.6,-4.5
70.547593263273,0.2,6.9,-6.8,6.6,-4.8
70.547593263273,0.2,6.9,-6.8,6.7,-5
69.7627670795902,0.2,7.4,-4.9,6.7,-5.1
69.7627670795902,0.2,7.4,-4.9,6.8,-5.2
68.5807110106562,0.1,7.5,-3.6,6.8,-5.2
68.5807110106562,0.1,7.5,-3.6,6.9,-5.2
68.5714838191238,0.2,7.5,-3.8,7,-5.2
68.5714838191238,0.2,7.5,-3.8,7,-5.2
68.9385947536133,0.2,7.8,-3.7,7.1,-5.2
69.1914506356691,0.2,7.8,-4,7.1,-5.2
69.1914506356691,0.2,7.8,-4,7.2,-5.2
74.6786623716422,0.5,7.6,-10.5,7.2,-5.6
74.6786623716422,0.5,7.6,-10.5,7.3,-5.9
69.1171669790586,0.1,6.9,-5.3,7.3,-5.9
69.1171669790586,0.1,6.9,-5.3,7.3,-5.9
67.0769975704124,0,6.9,-2.5,7.2,-5.7
67.0769975704124,0,6.9,-2.5,7.2,-5.5
66.9901940867632,0.1,6.8,-2.3,7.2,-5.2
66.9901940867632,0.1,6.8,-2.3,7.2,-5
66.925261676941,0,6.7,-2.5,7.2,-4.8
66.925261676941,0,6.7,-2.5,7.1,-4.6
67.0624174403663,0,6.9,-2.5,7.1,-4.4
67.0307050333423,0.1,6.8,-2.4,7.1,-4.3
67.0307050333423,0.1,6.8,-2.4,7.1,-4.1
66.9997392024676,0,6.8,-2.4,7.1,-3.9
66.9997392024676,0,6.8,-2.4,7,-3.8
66.8410176165059,0,6.9,-3,7,-3.7
66.6530044227538,0,6.6,-2.9,7,-3.6
66.6530044227538,0,6.6,-2.9,7,-3.5
66.6005895422115,0.1,6.7,-2.9,6.9,-3.4
66.6005895422115,0.1,6.7,-2.9,6.9,-3.3
66.8927340415853,0,6.9,-3,6.9,-3.3
67.0291037179891,0.1,6.8,-3.1,6.9,-3.2
67.0291037179891,0.1,6.8,-3.1,6.9,-3.2
66.9885246078948,0.1,6.9,-3,6.9,-3.1
66.9885246078948,0.1,6.9,-3,6.9,-3.1
66.8428580535693,0,7,-2.6,6.9,-3
66.8428580535693,0,7,-2.6,6.9,-3
66.8161678459985,0,7,-2.8,6.9,-2.9
67.4256688365045,0.1,7.2,-3.4,6.9,-2.9
68.6413759469839,0.1,7.2,-4.7,6.9,-3
68.6413759469839,0.1,7.2,-4.7,6.9,-3.1
69.5289649669323,0.2,7.1,-5.7,6.9,-3.3
69.5289649669323,0.2,7.1,-5.7,6.9,-3.4
64.2228609550503,-0.1,6.6,0.7,6.9,-3.2
64.2228609550503,-0.1,6.6,0.7,6.9,-2.9
63.3525211344643,-0.1,6.7,1.9,6.9,-2.6
63.3525211344643,-0.1,6.7,1.9,6.9,-2.3
63.1823195801405,-0.1,6.6,1.8,6.9,-2.1
63.1823195801405,-0.1,6.6,1.8,6.8,-1.8
64.3834260533083,-0.1,6.6,0.2,6.8,-1.6
66.967311165844,0.1,6.8,-3.4,6.8,-1.7
66.967311165844,0.1,6.8,-3.4,6.8,-1.8
69.3378853370055,0.1,6.9,-6.1,6.8,-2
69.3378853370055,0.1,6.9,-6.1,6.8,-2.3
69.5470649473664,0.2,6.9,-6.1,6.8,-2.5
69.5470649473664,0.2,6.9,-6.1,6.8,-2.7
69.311032413527,0.1,6.8,-6.3,6.8,-3
69.311032413527,0.1,6.8,-6.3,6.8,-3.2
69.0748292905802,0.1,7,-5.8,6.8,-3.4
68.9582961190986,0.1,7,-5.5,6.9,-3.5
68.9582961190986,0.1,7,-5.5,6.9,-3.7
68.8051048656221,0.1,7.1,-5.4,6.9,-3.8
68.8051048656221,0.1,7.1,-5.4,6.9,-4
68.4552041414094,0.1,7.1,-4.8,6.9,-4.1
68.2709536424579,0.1,7.1,-5,6.9,-4.2
68.2122439091979,0.1,7.2,-4.8,6.9,-4.2
68.2122439091979,0.1,7.2,-4.8,7,-4.3
68.1835281914309,0.1,7.1,-4.5,7,-4.4
68.1835281914309,0.1,7.1,-4.5,7,-4.4
68.2550104038838,0.1,7.2,-4.8,7,-4.5
67.9413432793353,0.1,7.2,-4.4,7,-4.6
67.9413432793353,0.1,7.2,-4.4,7,-4.6
67.9845578557688,0.1,7.3,-4.2,7.1,-4.6
67.9845578557688,0.1,7.3,-4.2,7.1,-4.7
70.0005717753945,0.2,7.1,-6.3,7.1,-4.8
70.0005717753945,0.2,7.1,-6.3,7.1,-5
70.8571375791219,0.3,7.2,-7.1,7.1,-5.2
65.5359776996505,0,6.6,-0.5,7.1,-4.9
65.5359776996505,0,6.6,-0.5,7.1,-4.6
70.2332629370824,0.2,7.1,-6.7,7.1,-4.8
70.2332629370824,0.2,7.1,-6.7,7.1,-4.9
71.079516366349,0.3,6.9,-7.7,7.1,-5
71.079516366349,0.3,6.9,-7.7,7,-5.2
72.5559730165061,0.4,7,-9.2,7,-5.4
73.2910610846761,0.4,7,-10,7,-5.7
73.2910610846761,0.4,7,-10,7,-6
70.8840014026423,0.3,7,-6.6,7,-6.1
70.8840014026423,0.3,7,-6.6,7,-6.2
71.2198198882359,0.3,7.1,-7.6,7,-6.3
71.2198198882359,0.3,7.1,-7.6,7,-6.4
71.1889443139959,0.3,5.6,-7.6,6.9,-6.5
71.1889443139959,0.3,5.6,-7.6,6.9,-6.6
70.9209434416386,0.3,4.3,-7.4,6.7,-6.7
69.7018579345704,0.2,2.4,-6.6,6.4,-6.8
69.7018579345704,0.2,2.4,-6.6,6.1,-6.8
70.4339067835633,0.2,1.6,-4.9,5.8,-6.7
70.4339067835633,0.2,1.6,-4.9,5.5,-6.6
70.0592347782202,0.2,2.1,-4.3,5.2,-6.5
69.9540089670601,0.2,2.3,-4.2,5,-6.4
69.9540089670601,0.2,2.3,-4.2,4.7,-6.3
67.9423601107222,0,2.4,-2.7,4.5,-6.1
67.9423601107222,0,2.4,-2.7,4.3,-5.8
67.7273289520728,0.1,2.2,-2.6,4.1,-5.6
67.7273289520728,0.1,2.2,-2.6,3.9,-5.4
67.1208767268463,0,2.3,-1.8,3.8,-5.1
67.1208767268463,0,2.3,-1.8,3.6,-4.9
66.6706733866419,0,2.2,-1,3.4,-4.6
66.0537197860561,0,2.4,-0.3,3.3,-4.3
66.0537197860561,0,2.4,-0.3,3.2,-3.9
65.8797209640992,-0.1,2.3,0.1,3,-3.6
65.8797209640992,-0.1,2.3,0.1,2.9,-3.3
65.758512526217,0.1,2.3,-0.4,2.8,-3
65.758512526217,0.1,2.3,-0.4,2.7,-2.7
65.3851347121656,0,2.5,-0.1,2.6,-2.4
64.9525882676416,0,2.3,0.4,2.6,-2.1
64.9525882676416,0,2.3,0.4,2.5,-1.9
64.637780045334,0,2.4,0.8,2.4,-1.6
64.637780045334,0,2.4,0.8,2.4,-1.3
67.4186340187933,0,2,-1.5,2.3,-1.2
67.4186340187933,0,2,-1.5,2.3,-1.2
66.7744411077848,0,1.9,-0.8,2.3,-1
66.7744411077848,0,1.9,-0.8,2.2,-1
66.0135285224491,0,1.8,-0.3,2.2,-0.8
66.0135285224491,0,1.8,-0.3,2.2,-0.7
65.4047483499882,0,2,0.4,2.2,-0.6
64.8683837119434,0,1.8,1.1,2.1,-0.5
64.8683837119434,0,1.8,1.1,2.1,-0.3
64.0543881865421,0,1.9,2.2,2.1,-0.1
64.0543881865421,0,1.9,2.2,2.1,0.1
62.5717052022851,-0.1,1.6,3.9,2,0.4
62.5717052022851,-0.1,1.6,3.9,2,0.6
64.5821184726047,-0.1,0.6,3.2,1.9,0.9
64.1431003665912,-0.1,0.5,3.8,1.8,1.1
64.1431003665912,-0.1,0.5,3.8,1.7,1.3
68.3698051717071,0.1,-0.4,0.9,1.6,1.3
68.3698051717071,0.1,-0.4,0.9,1.4,1.4
69.8243762459919,0.1,-0.8,-0.1,1.2,1.3
69.8243762459919,0.1,-0.8,-0.1,1.1,1.2
70.5732073107383,0.1,-1.1,-0.8,0.9,1.1
70.1029811047234,0.1,-1,-0.3,0.8,1.1
70.1029811047234,0.1,-1,-0.3,0.6,1
69.5819908840029,0.1,-1,0.1,0.5,1
69.5819908840029,0.1,-1,0.1,0.3,0.9
69.3105598364077,0.1,-1,0.3,0.2,0.9
69.3105598364077,0.1,-1,0.3,0.1,0.9
68.7282359320242,0.1,-0.7,1.1,0,0.9
68.621583702011,0.1,-0.3,1.2,-0.1,0.9
68.621583702011,0.1,-0.3,1.2,-0.1,0.9
67.2835183225205,0,0.7,3.1,-0.1,1.1
67.2666152340383,0,0.7,3.1,-0.1,1.2
67.2666152340383,0,0.7,3.1,-0.1,1.3
66.1604895334282,0.1,0.9,4,-0.1,1.5
63.1049940638803,-0.1,0.3,5.9,-0.1,1.8
63.1049940638803,-0.1,0.3,5.9,-0.1,2.1
63.7155132924417,0,0,5.8,-0.1,2.3
63.7155132924417,0,0,5.8,-0.1,2.6
63.8350940972159,-0.1,0.1,5.8,-0.1,2.8
63.8350940972159,-0.1,0.1,5.8,-0.1,3
63.8453292262949,-0.1,0.1,5.8,-0.1,3.3
63.3038371833329,-0.1,0,6.5,-0.1,3.5
63.3038371833329,-0.1,0,6.5,-0.1,3.8
63.2855906375535,-0.1,-0.1,6.4,-0.1,4
65.4549452713182,-0.1,-1.2,4,-0.1,4.1
65.4549452713182,-0.1,-1.2,4,-0.2,4.1
63.667530289085,0,-2.3,6.7,-0.3,4.4
63.667530289085,0,-2.3,6.7,-0.4,4.6
64.9856018344272,-0.1,-2.6,5.4,-0.6,4.8
64.9856018344272,-0.1,-2.6,5.4,-0.7,4.9
65.1260250475218,0,-2.1,5.8,-0.8,5
65.1260250475218,0,-2.1,5.8,-0.9,5.2
65.0601207390583,-0.1,-1.9,6.4,-1,5.3
65.0601207390583,-0.1,-1.9,6.4,-1.1,5.4
64.8918570605446,0,-2.1,6.5,-1.2,5.6
64.4099126073937,0,-2,6.7,-1.2,5.7
64.4099126073937,0,-2,6.7,-1.3,5.8
64.0857114442431,0,-2,7.1,-1.4,5.9
64.0857114442431,0,-2,7.1,-1.5,6.1
63.84740004834,-0.1,-2.2,7.5,-1.6,6.2
63.7260181797148,0,-2,7.9,-1.6,6.3
63.5310170536688,0,-2.2,7.8,-1.7,6.5
63.5310170536688,0,-2.2,7.8,-1.8,6.6
63.1444537715527,0,-2,8.1,-1.8,6.7
63.1444537715527,0,-2,8.1,-1.9,6.8
62.867348176442,-0.1,-1.9,8.5,-1.9,6.9
62.867348176442,-0.1,-1.9,8.5,-1.9,7.1
62.5948318405574,-0.1,-1.9,8.6,-1.9,7.2
62.5948318405574,-0.1,-1.9,8.6,-2,7.3
62.4487201562823,-0.1,-1.8,8.7,-2,7.4
64.0801767389853,0,-2.1,7.7,-2,7.5
65.4382046327219,-0.1,-2.4,6.9,-2,7.5
65.4382046327219,-0.1,-2.4,6.9,-2.1,7.5
65.7336000259907,0.1,-2.5,6.7,-2.1,7.5
65.7336000259907,0.1,-2.5,6.7,-2.1,7.5
65.3386856387655,0,-2.1,7.1,-2.1,7.5
65.3386856387655,0,-2.1,7.1,-2.1,7.5
67.0898781707035,0,-2.1,5.1,-2.1,7.3
67.0898781707035,0,-2.1,5.1,-2.1,7.2
72.1016435865669,0.2,-2.9,1,-2.2,6.8
72.1016435865669,0.2,-2.9,1,-2.2,6.4
72.6147480104892,0.4,-2.3,0.5,-2.2,6
72.6147480104892,0.4,-2.3,0.5,-2.2,5.6
72.2093186638408,0.4,-2.1,1,-2.2,5.3
72.2093186638408,0.4,-2.1,1,-2.2,4.9
70.9729780432765,0.3,-1.4,1.7,-2.2,4.6
67.3508388611488,0.1,-0.4,4.3,-2.1,4.5
67.3508388611488,0.1,-0.4,4.3,-2,4.4
66.9501204298156,0,-0.2,4.5,-1.8,4.4
66.9501204298156,0,-0.2,4.5,-1.7,4.3
65.744280039586,0.1,-0.8,5.5,-1.7,4.3
65.744280039586,0.1,-0.8,5.5,-1.6,4.3
65.4688734101923,0,-0.7,5.8,-1.5,4.3
65.4688734101923,0,-0.7,5.8,-1.4,4.4
66.0053218933508,0,-0.9,5.4,-1.4,4.4
64.842605510347,0,-1,6.2,-1.3,4.4
64.842605510347,0,-1,6.2,-1.3,4.5
66.4495388165572,0,-0.9,5.2,-1.3,4.5
66.4495388165572,0,-0.9,5.2,-1.2,4.5
67.9617707611559,0.1,-1.2,3.6,-1.2,4.5
67.9617707611559,0.1,-1.2,3.6,-1.2,4.4
68.0620928208749,0.1,-1.3,3.4,-1.2,4.3
68.1432510189972,0.1,-1.2,3.5,-1.1,4.3
67.7727667135908,0,-1.3,3.5,-1.1,4.2
67.7727667135908,0,-1.3,3.5,-1.1,4.2
65.4034419117451,0,-1,5.3,-1.1,4.3
63.1657168540292,-0.1,-0.8,6.8,-1.1,4.5
63.1657168540292,-0.1,-0.8,6.8,-1,4.6
58.7385741555493,-0.1,-0.4,9.6,-1,5
60.2067240436892,-0.1,-0.6,9,-0.9,5.3
60.2067240436892,-0.1,-0.6,9,-0.9,5.6
64.2267082627727,0,-1.6,7.1,-0.9,5.8
64.2267082627727,0,-1.6,7.1,-1,5.9
67.6928622881725,0.1,-2.7,5.1,-1.1,5.9
67.6928622881725,0.1,-2.7,5.1,-1.2,5.9
69.4810980260192,0.1,-3.3,4.1,-1.4,5.8
69.4810980260192,0.1,-3.3,4.1,-1.5,5.7
69.8652774826263,0.1,-3.4,3.8,-1.6,5.6
70.9308894211476,0.2,-3.6,2.4,-1.8,5.4
71.4663121410352,0.2,-3.7,1.7,-1.9,5.2
71.4663121410352,0.2,-3.7,1.7,-2.1,4.9
71.9528777051142,0.3,-3.7,1.1,-2.2,4.7
71.9528777051142,0.3,-3.7,1.1,-2.3,4.4
72.4263481219406,0.3,-3.8,0.6,-2.5,4.1
73.1677601914417,0.4,-4,-0.2,-2.6,3.8
74.0733206794766,0.4,-4.2,-1.5,-2.7,3.4
74.0733206794766,0.4,-4.2,-1.5,-2.9,3.1
75.0499411497553,0.5,-4.4,-3,-3,2.6
75.0499411497553,0.5,-4.4,-3,-3.2,2.2
75.7718352824709,0.6,-4.6,-4,-3.3,1.7
75.7718352824709,0.6,-4.6,-4,-3.4,1.2
76.5893725440028,0.7,-4.6,-5.1,-3.5,0.7
77.373907040183,0.8,-5,-6.5,-3.7,0.1
77.373907040183,0.8,-5,-6.5,-3.8,-0.4
78.2768577707378,1,-5.2,-8,-4,-1.1
78.2768577707378,1,-5.2,-8,-4.1,-1.7
79.0674102930549,1.1,-5.2,-9.3,-4.2,-2.4
77.8430843712011,0.9,-4.4,-7.9,-4.3,-2.9
77.8430843712011,0.9,-4.4,-7.9,-4.3,-3.4
77.8394835527316,0.9,-4.1,-8.1,-4.4,-3.9
77.8394835527316,0.9,-4.1,-8.1,-4.4,-4.4
77.9742958710944,0.9,-3.8,-9.1,-4.4,-4.9
77.9742958710944,0.9,-3.8,-9.1,-4.3,-5.3
78.2364771831571,0.9,-3.8,-9.8,-4.3,-5.8
77.7720879202519,0.9,-3.6,-9.1,-4.3,-6.2
77.7720879202519,0.9,-3.6,-9.1,-4.3,-6.5
76.131384244888,0.6,-3,-6.4,-4.2,-6.7
76.1590203828111,0.6,-3,-6.3,-4.1,-6.8
76.1590203828111,0.6,-3,-6.3,-4,-6.9
73.1621944853941,0.3,-1.8,-2.8,-3.9,-6.7
73.1621944853941,0.3,-1.8,-2.8,-3.7,-6.6
68.0321805174385,0.1,-1.1,3.5,-3.6,-6
68.0321805174385,0.1,-1.1,3.5,-3.4,-5.5
67.77424854532,0.1,-1.1,4,-3.2,-4.9
63.0454704731318,0,-0.9,8,-3,-4
63.0454704731318,0,-0.9,8,-2.8,-3.2
63.4357509505652,0,-1.6,7.9,-2.7,-2.4
63.4357509505652,0,-1.6,7.9,-2.6,-1.6
65.4351604707954,-0.1,-2,6.8,-2.5,-0.9
70.0873081043635,0.1,-3.5,3.4,-2.5,-0.5
70.5525173582537,0.1,-3.7,3,-2.6,-0.1
70.5525173582537,0.1,-3.7,3,-2.6,0.3
70.6259110665394,0.1,-3.7,3,-2.6,0.7
70.6259110665394,0.1,-3.7,3,-2.7,1
70.5990829816699,0.1,-3.7,2.9,-2.7,1.3
70.5990829816699,0.1,-3.7,2.9,-2.7,1.6
70.6375812336844,0.1,-3.8,2.9,-2.8,1.9
70.8265572928521,0.1,-3.8,2.9,-2.8,2.2
70.8265572928521,0.1,-3.8,2.9,-2.9,2.4
71.5996123077031,0.1,-4.2,2.3,-3,2.6
71.5996123077031,0.1,-4.2,2.3,-3.1,2.7
71.9023411842491,0.2,-4.3,2,-3.2,2.8
71.9023411842491,0.2,-4.3,2,-3.3,2.9
71.8235142470155,0.2,-4.4,2.1,-3.3,2.9
71.9889073724705,0.2,-4.5,1.9,-3.4,3
71.9889073724705,0.2,-4.5,1.9,-3.5,3
72.0582923704839,0.2,-4.5,1.9,-3.6,2.9
72.0582923704839,0.2,-4.5,1.9,-3.7,2.9
72.1862737031919,0.2,-4.6,1.8,-3.8,2.8
72.1862737031919,0.2,-4.6,1.8,-3.9,2.7
72.1858999470978,0.2,-4.5,1.8,-4,2.6
72.1776527975127,0.2,-4.6,1.8,-4.1,2.5
72.1776527975127,0.2,-4.6,1.8,-4.2,2.4
71.8861573611897,0.2,-4.5,2,-4.2,2.3
71.8861573611897,0.2,-4.5,2,-4.3,2.3
71.4771033354592,0.1,-4.3,2.4,-4.3,2.2
71.4771033354592,0.1,-4.3,2.4,-4.3,2.2
71.5157656319576,0.1,-4.2,2.4,-4.3,2.2
71.5157656319576,0.1,-4.2,2.4,-4.3,2.2
71.4361304269035,0.1,-4.4,2.3,-4.4,2.2
71.4540717341333,0.1,-4.2,2.4,-4.4,2.2
71.4540717341333,0.1,-4.2,2.4,-4.4,2.2
71.5019338520564,0.2,-4.3,2.2,-4.4,2.2
71.5019338520564,0.2,-4.3,2.2,-4.4,2.2
71.4726664157875,0.1,-4.2,2.4,-4.4,2.2
71.4726664157875,0.1,-4.2,2.4,-4.3,2.2
71.5328473421094,0.1,-4.3,2.3,-4.3,2.2
71.536415967038,0.1,-4.3,2.3,-4.3,2.2
71.536415967038,0.1,-4.3,2.3,-4.3,2.2
71.5862478866935,0.1,-4.3,2.2,-4.3,2.2
71.5862478866935,0.1,-4.3,2.2,-4.3,2.2
71.5695788962863,0.2,-4.3,2.2,-4.3,2.2
71.6440310042353,0.1,-4.2,2.3,-4.3,2.2
71.6440310042353,0.1,-4.2,2.3,-4.3,2.2
71.5904214636155,0.1,-4.3,2.2,-4.3,2.2
71.5904214636155,0.1,-4.3,2.2,-4.3,2.2
71.5709459632356,0.2,-4.3,1.3,-4.3,2.2
72.0364772329943,0.2,-2.4,1.6,-4.2,2.2
72.0364772329943,0.2,-2.4,1.6,-4,2.1
72.042407042446,0.2,-2.3,0.6,-3.9,2
72.042407042446,0.2,-2.3,0.6,-3.8,1.9
72.0732575273303,0.2,-2.2,0.7,-3.7,1.8
72.0732575273303,0.2,-2.2,0.7,-3.6,1.8
71.9944272400487,0.2,-2.1,0.8,-3.5,1.7
71.9944272400487,0.2,-2.1,0.8,-3.3,1.6
71.8240439869048,0.2,-1.7,1.4,-3.2,1.6
71.4917596781813,0.2,-1.1,1.9,-3.1,1.6
71.4917596781813,0.2,-1.1,1.9,-2.9,1.6
69.904516937277,0.1,-0.6,3.3,-2.7,1.7
69.904516937277,0.1,-0.6,3.3,-2.5,1.8
68.7514576878652,0.1,-0.3,4.2,-2.3,1.9
68.7514576878652,0.1,-0.3,4.2,-2.2,2.1
68.9083152911549,0.1,-0.8,3.4,-2,2.1
68.9083152911549,0.1,-0.8,3.4,-1.9,2.2
69.0984452762716,0.1,-1.1,3,-1.8,2.3
69.4738969049108,0.1,-1.1,2.9,-1.7,2.3
69.4738969049108,0.1,-1.1,2.9,-1.6,2.4
70.0711337127017,0.1,-1,2.9,-1.5,2.4
70.0711337127017,0.1,-1,2.9,-1.4,2.5
70.3350286150682,0.1,-0.7,3.2,-1.4,2.5
70.3350286150682,0.1,-0.7,3.2,-1.3,2.6
67.1609287273479,0.1,0.1,5.4,-1.1,2.8
67.2125615917866,0,0.2,5.4,-1,3
68.2053661950066,0.1,-0.3,4.7,-0.9,3.2
68.2053661950066,0.1,-0.3,4.7,-0.8,3.3
68.8456253896349,0.1,-0.5,4.1,-0.8,3.4
68.8456253896349,0.1,-0.5,4.1,-0.7,3.5
68.9219941570533,0.1,-0.5,4,-0.7,3.6
68.9219941570533,0.1,-0.5,4,-0.7,3.6
68.9114218622519,0.1,-0.6,3.9,-0.6,3.7
68.9787993527101,0.1,-0.5,4,-0.6,3.7
68.9787993527101,0.1,-0.5,4,-0.6,3.8
68.8932919857628,0.1,-0.6,3.9,-0.6,3.8
68.8932919857628,0.1,-0.6,3.9,-0.6,3.9
69.0509228023825,0.1,-0.6,3.9,-0.6,3.9
68.3468676849374,0.1,-0.6,4.1,-0.6,3.9
68.3468676849374,0.1,-0.6,4.1,-0.6,4
68.1658824632935,0.1,-0.7,4.9,-0.6,4
68.1658824632935,0.1,-0.7,4.9,-0.6,4.1
68.1363441718094,0.1,-0.8,4.8,-0.6,4.2
68.1363441718094,0.1,-0.8,4.8,-0.6,4.2
68.2091063782136,0.1,-0.9,4.6,-0.6,4.2
68.2091063782136,0.1,-0.9,4.6,-0.6,4.3
68.2310933667572,0.1,-0.9,4.6,-0.6,4.3
68.2310933667572,0.1,-0.9,4.6,-0.7,4.4
67.8759114100236,0.1,-0.7,3.9,-0.7,4.3
67.9265753011885,0.1,-0.6,4,-0.7,4.3
67.9265753011885,0.1,-0.6,4,-0.7,4.3
67.85435892569,0,-0.6,3.5,-0.7,4.3
67.9430638947204,0,-0.6,3.4,-0.7,4.2
67.9430638947204,0,-0.6,3.4,-0.7,4.2
68.0303706074847,0,-0.6,3.1,-0.7,4.1
68.0303706074847,0,-0.6,3.1,-0.7,4
68.1130497877204,0.1,-0.7,3.1,-0.7,3.9
68.2586293306885,0.1,-0.7,2.9,-0.7,3.9
68.2586293306885,0.1,-0.7,2.9,-0.7,3.8
68.3391264702464,0.1,-0.6,2.9,-0.7,3.7
68.3391264702464,0.1,-0.6,2.9,-0.7,3.7
67.8456611681394,0.1,-0.6,3.9,-0.7,3.7
67.8456611681394,0.1,-0.6,3.9,-0.7,3.7
68.0432583107377,0,-0.6,3.7,-0.7,3.7
68.0432583107377,0,-0.6,3.7,-0.7,3.6
68.0666261249603,0.1,-0.7,3.7,-0.7,3.6
68.130562071762,0.1,-0.7,3.7,-0.7,3.6
68.130562071762,0.1,-0.7,3.7,-0.7,3.6
68.0758310108785,0.1,-0.4,2.4,-0.6,3.5
68.0758310108785,0.1,-0.4,2.4,-0.6,3.4
74.2243087141065,0.4,-1.9,-3.2,-0.7,3
74.2243087141065,0.4,-1.9,-3.2,-0.8,2.6
74.286682720522,0.4,-2,-3.4,-0.9,2.1
70.6599155602386,0.2,-0.9,0,-0.9,1.9
70.6599155602386,0.2,-0.9,0,-0.9,1.8
68.6299759676849,0.1,-0.2,2.8,-0.8,1.8
68.6299759676849,0.1,-0.2,2.8,-0.8,1.8
67.2728320039949,0.1,0.6,3.3,-0.7,1.8
67.2728320039949,0.1,0.6,3.3,-0.6,1.9
67.2646396671072,0.1,0.7,3.3,-0.5,2
67.2646396671072,0.1,0.7,3.3,-0.5,2
67.1677190540209,0.1,0.6,3.2,-0.4,2.1
67.1677190540209,0.1,0.6,3.2,-0.3,2.1
68.6498202904834,0.1,-0.2,1.8,-0.3,2.1
70.0112053339536,0.2,-1,0.2,-0.3,1.9
70.0112053339536,0.2,-1,0.2,-0.4,1.8
71.5157423088542,0.2,-0.8,-2.6,-0.4,1.5
72.3953520742012,0.3,-0.9,-3.5,-0.4,1.2
73.1209655600303,0.3,-1,-3.9,-0.4,0.8
73.5547771946115,0.3,-1.2,-4.2,-0.5,0.4
73.5547771946115,0.3,-1.2,-4.2,-0.5,0.1
74.0829256272053,0.4,-1.4,-4.8,-0.6,-0.3
72.8710014642841,0.3,-0.8,-4,-0.6,-0.6
72.8710014642841,0.3,-0.8,-4,-0.6,-0.9
73.2056611767058,0.3,-0.8,-4.3,-0.6,-1.2
73.8133346746996,0.3,-1,-4.9,-0.6,-1.5
73.8133346746996,0.3,-1,-4.9,-0.7,-1.8
74.522457842489,0.4,-1.2,-5.7,-0.7,-2.1
74.522457842489,0.4,-1.2,-5.7,-0.7,-2.4
73.4602753282882,0.3,-0.8,-4.1,-0.7,-2.6
73.4602753282882,0.3,-0.8,-4.1,-0.8,-2.8
70.6920092569455,0.2,-0.7,-0.9,-0.8,-2.7
70.6920092569455,0.2,-0.7,-0.9,-0.8,-2.7
69.3738740762017,0.1,-0.3,0.9,-0.7,-2.6
69.5049407790638,0.2,-0.3,1,-0.7,-2.4
69.5049407790638,0.2,-0.3,1,-0.7,-2.3
69.4950520289227,0.2,-0.2,1.1,-0.7,-2.1
69.4950520289227,0.2,-0.2,1.1,-0.7,-2
69.5773515247685,0.2,-0.2,1,-0.7,-1.8
70.4811255931103,0.2,-0.7,-0.5,-0.7,-1.7
71.580489033197,0.2,-0.8,-2.2,-0.7,-1.8
71.580489033197,0.2,-0.8,-2.2,-0.7,-1.8
72.4633033133864,0.3,-0.9,-2.9,-0.7,-1.8
72.4633033133864,0.3,-0.9,-2.9,-0.7,-1.9
72.9731982614803,0.3,-1,-3.4,-0.7,-2
73.0732527957068,0.3,-1.4,-3.2,-0.8,-2
73.0732527957068,0.3,-1.4,-3.2,-0.8,-2
72.081117567026,0.3,-1.5,-1.6,-0.8,-2
72.081117567026,0.3,-1.5,-1.6,-0.9,-1.9
69.2347939783369,0.2,-0.3,1.2,-0.8,-1.7
69.2347939783369,0.2,-0.3,1.2,-0.8,-1.5
67.5423849290435,0.1,-0.3,2.9,-0.8,-1.1
67.5423849290435,0.1,-0.3,2.9,-0.7,-0.8
68.2008397252595,0.2,-0.7,2.9,-0.7,-0.5
68.2008397252595,0.2,-0.7,2.9,-0.7,-0.3
68.468474088071,0.3,-0.9,2.5,-0.7,0
68.6272490160978,0.3,-0.9,2.4,-0.8,0.2
68.6272490160978,0.3,-0.9,2.4,-0.8,0.4
68.6122164645725,0.3,-1,2.3,-0.8,0.6
68.6122164645725,0.3,-1,2.3,-0.8,0.7
68.9047394994521,0.3,-0.9,2.2,-0.8,0.9
71.8628228510899,0.4,-1.6,0.3,-0.9,0.9
71.8628228510899,0.4,-1.6,0.3,-0.9,0.9
70.9722774670042,0.3,-0.8,2,-0.9,1
70.9722774670042,0.3,-0.8,2,-0.9,1.1
71.0267054901792,0.3,-0.8,1.9,-0.9,1.2
71.0838033239968,0.3,-0.8,1.8,-0.9,1.2
71.0838033239968,0.3,-0.8,1.8,-0.9,1.3
71.2972018037729,0.3,-0.8,1.6,-0.9,1.4
71.2972018037729,0.3,-0.8,1.6,-0.9,1.5
71.4663319579978,0.3,-0.9,1.3,-0.9,1.5
71.512174489563,0.3,-0.9,1.2,-0.9,1.5
71.512174489563,0.3,-0.9,1.2,-0.9,1.6
71.7384566640927,0.3,-0.9,1,-0.9,1.6
71.7384566640927,0.3,-0.9,1,-0.9,1.6
73.143120794588,0.3,-1.7,-1.2,-0.9,1.4
73.143120794588,0.3,-1.7,-1.2,-1,1.2
81.3939749104302,1.1,-3.4,-14.1,-1.2,0.2
81.3939749104302,1.1,-3.4,-14.1,-1.3,-0.7
81.6206145213371,1.3,-3.5,-14.4,-1.5,-1.7
81.6206145213371,1.3,-3.5,-14.4,-1.6,-2.6
81.7447562386823,1.4,-3.5,-14.8,-1.8,-3.5
81.9066139468965,1.4,-3.5,-15.2,-1.9,-4.5
81.9066139468965,1.4,-3.5,-15.2,-2,-5.3
82.4194664015917,1.4,-3.8,-16.7,-2.2,-6.3
82.4194664015917,1.4,-3.8,-16.7,-2.3,-7.1
82.4124155910945,1.3,-3.7,-16.8,-2.4,-8
82.4124155910945,1.3,-3.7,-16.8,-2.6,-8.8
82.1408364858145,1.3,-3.6,-16.9,-2.7,-9.6
82.1408364858145,1.3,-3.6,-16.9,-2.8,-10.3
82.3887204353149,1.4,-3.7,-17.6,-2.9,-11.1
82.6579120389154,1.4,-3.7,-17.9,-3,-11.8
82.8671760311889,1.5,-4,-18.2,-3.1,-12.5
82.8671760311889,1.5,-4,-18.2,-3.2,-13.1
83.221107555313,1.5,-4.4,-18.7,-3.3,-13.8
83.221107555313,1.5,-4.4,-18.7,-3.4,-14.4
77.7859997960099,1,-1,-6.4,-3.3,-14.1
77.7859997960099,1,-1,-6.4,-3.2,-13.9
73.5130481565501,0.7,0.8,-0.5,-3,-13.2
73.5130481565501,0.7,0.8,-0.5,-2.7,-12.6
70.5004980219014,0.4,1.4,2.4,-2.5,-11.7
70.5004980219014,0.4,1.4,2.4,-2.2,-10.9
70.6458549639211,0.4,1.5,2.3,-2,-10
70.6458549639211,0.4,1.5,2.3,-1.7,-9.2
73.373905176402,0.2,-0.4,-2.3,-1.6,-8.7
73.373905176402,0.2,-0.4,-2.3,-1.5,-8.1
76.6857042538487,0.5,-1.5,-6,-1.4,-7.8
76.6857042538487,0.5,-1.5,-6,-1.4,-7.5
76.7450921565252,0.5,-1.4,-6.1,-1.3,-7.2
76.7450921565252,0.5,-1.4,-6.1,-1.3,-6.9
76.2215369868075,0.5,-1.1,-5.6,-1.2,-6.6
76.2215369868075,0.5,-1.1,-5.6,-1.1,-6.4
76.2755547752318,0.5,-1.2,-5.8,-1.1,-6.1
76.2760012328632,0.5,-1.2,-5.8,-1.1,-5.9
74.9625422774154,0.4,-0.8,-4.2,-1,-5.6
74.3283482966782,0.3,-0.5,-3.5,-0.9,-5.3
74.3283482966782,0.3,-0.5,-3.5,-0.9,-5
74.3074588377282,0.3,-0.6,-3.5,-0.8,-4.7
74.3074588377282,0.3,-0.6,-3.5,-0.8,-4.5
74.3010743223623,0.3,-0.7,-3.6,-0.7,-4.3
74.3010743223623,0.3,-0.7,-3.6,-0.7,-4.1
74.2419890447774,0.3,-0.6,-3.7,-0.7,-4
74.170203018386,0.3,-0.5,-4,-0.6,-3.9
74.3458848320933,0.3,0.3,-4,-0.6,-3.9
74.3458848320933,0.3,0.3,-4,-0.5,-3.8
74.3838751748889,0.4,0.3,-4,-0.5,-3.9
74.3838751748889,0.4,0.3,-4,-0.4,-3.9
74.0753869177247,0.3,0.3,-3.8,-0.4,-3.9
74.0753869177247,0.3,0.3,-3.8,-0.3,-4
74.8419611732289,0.7,2.5,-9.7,-0.2,-4.4
74.8419611732289,0.7,2.5,-9.7,0,-4.8
72.8803983324248,0.4,4.5,-8.2,0.3,-5
72.8803983324248,0.4,4.5,-8.2,0.6,-5.3
68.5333150859049,0.1,4.6,-4.4,0.9,-5.3
68.5333150859049,0.1,4.6,-4.4,1.2,-5.2
73.0012257652209,0.3,4.3,-10.5,1.4,-5.6
73.0012257652209,0.3,4.3,-10.5,1.7,-5.9
63.1806895888325,-0.1,5,1.2,2,-5.5
63.1806895888325,-0.1,5,1.2,2.2,-5.1
64.0827200332275,-0.1,3.1,0.4,2.4,-4.7
64.0827200332275,-0.1,3.1,0.4,2.5,-4.4
59.4654442263875,-0.7,3.3,3.5,2.6,-3.9
59.4654442263875,-0.7,3.3,3.5,2.7,-3.4
68.2336260867968,0.1,2.3,-3.2,2.8,-3.3
68.2336260867968,0.1,2.3,-3.2,2.8,-3.3
68.0219943680556,0.1,2.3,-2.9,2.8,-3.2
68.0219943680556,0.1,2.3,-2.9,2.9,-3.2
67.9148887018595,0.1,2.3,-2.8,2.9,-3.1
67.9148887018595,0.1,2.3,-2.8,2.9,-3.1
68.0069416706459,0.1,2.4,-2.9,2.9,-3
70.1053794792427,0.2,2,-4.8,2.9,-3.1
70.1053794792427,0.2,2,-4.8,2.8,-3.1
57.5122082519185,-0.2,3.3,4.2,2.9,-2.6
57.5122082519185,-0.2,3.3,4.2,2.9,-2.1
62.0945602432617,-0.1,3,1.6,2.9,-1.8
62.0945602432617,-0.1,3,1.6,3,-1.5
63.7475313436089,-0.1,2.8,0.4,3,-1.3
63.7475313436089,-0.1,2.8,0.4,2.9,-1.1
64.9192786567773,0,2.6,-0.5,2.9,-1
64.9192786567773,0,2.6,-0.5,2.9,-0.9
73.4522549900489,0.4,1.9,-11.8,2.8,-1.5
73.4522549900489,0.4,1.9,-11.8,2.7,-2.1
67.572132611948,0.1,2.4,-3.5,2.7,-2.2
67.572132611948,0.1,2.4,-3.5,2.6,-2.3
61.7966351802893,-0.2,3.3,2.7,2.6,-1.9
61.7966351802893,-0.2,3.3,2.7,2.7,-1.6
62.4939962583519,-0.3,4.6,2.3,2.8,-1.4
62.4939962583519,-0.3,4.6,2.3,2.9,-1.2
68.5386487853554,0.1,2.5,-3.7,2.9,-1.4
68.5386487853554,0.1,2.5,-3.7,2.8,-1.5
67.8446630326346,0.1,2.7,-2.2,2.8,-1.6
68.2645011984404,0.1,2.8,-3,2.8,-1.7
68.2645011984404,0.1,2.8,-3,2.9,-1.8
68.3583941984145,0.1,2.9,-4,2.9,-1.9
68.3583941984145,0.1,2.9,-4,2.9,-2
68.49846238023,0.1,2.9,-4.3,2.9,-2.2
68.49846238023,0.1,2.9,-4.3,2.9,-2.3
68.5152392874797,0.1,2.9,-4.3,2.9,-2.5
68.538794635904,0.1,2.9,-4.4,2.9,-2.7
68.538794635904,0.1,2.9,-4.4,2.9,-2.8
68.6392386883107,0.1,2.9,-4.3,2.9,-2.9
68.6392386883107,0.1,2.9,-4.3,2.9,-3.1
66.5237800334644,0,3.3,-0.4,2.9,-3
65.5992807209791,0,3.4,1.2,3,-2.7
65.5992807209791,0,3.4,1.2,3,-2.5
63.5315433588523,-0.2,4,3.6,3.1,-2.1
63.5315433588523,-0.2,4,3.6,3.1,-1.8
62.2448658286673,-0.3,4.6,4,3.2,-1.4
62.3300271379143,-0.3,4.5,3.8,3.3,-1
62.3300271379143,-0.3,4.5,3.8,3.4,-0.6
62.150085850928,-0.3,4.5,3.9,3.5,-0.2
62.2031370884945,-0.3,4.4,3.8,3.6,0.1
62.2031370884945,-0.3,4.4,3.8,3.7,0.4
62.0866100657546,-0.3,4.4,3.9,3.7,0.7
62.3565478168881,-0.3,4.4,3.8,3.8,0.9
62.3565478168881,-0.3,4.4,3.8,3.8,1.2
62.2814548734354,-0.3,4.3,3.7,3.9,1.4
62.2814548734354,-0.3,4.3,3.7,3.9,1.7
62.1539717138007,-0.3,4.5,4,4,2
61.5415912325026,-0.3,4.6,4.6,4.1,2.2
61.5415912325026,-0.3,4.6,4.6,4.1,2.5
61.2267943633582,-0.4,4.5,4.8,4.2,2.8
62.7122978268086,-0.3,4.1,3.4,4.2,2.9
62.7631810883688,-0.2,4.1,3.4,4.2,3.1
62.7631810883688,-0.2,4.1,3.4,4.2,3.2
62.9261713278378,-0.2,4.2,3.2,4.2,3.3
62.8583393117554,-0.2,4.1,3.1,4.2,3.4
62.8583393117554,-0.2,4.1,3.1,4.2,3.4
63.3818045590139,-0.2,4,2.9,4.2,3.5
63.3818045590139,-0.2,4,2.9,4.2,3.5
63.608813148005,-0.2,4.1,2.7,4.2,3.5
63.4201305217223,-0.2,4,2.8,4.2,3.5
63.4201305217223,-0.2,4,2.8,4.2,3.4
63.4020996961093,-0.2,3.9,2.7,4.2,3.4
63.4020996961093,-0.2,3.9,2.7,4.2,3.3
63.5268059670151,-0.2,4,2.6,4.2,3.3
63.4699680516409,-0.2,4,2.7,4.1,3.2
63.4699680516409,-0.2,4,2.7,4.1,3.2
63.5691583394255,-0.2,4,2.6,4.1,3.1
63.5219836548729,-0.2,4,2.6,4.1,3.1
63.5219836548729,-0.2,4,2.6,4.1,3
63.3955556660811,-0.2,3.9,2.7,4.1,3
63.498463701239,-0.2,4,2.6,4.1,2.9
63.498463701239,-0.2,4,2.6,4,2.9
62.2289489039586,-0.3,4.3,3.8,4.1,2.9
61.1610923638513,-0.3,4.5,4.6,4.1,3
61.1610923638513,-0.3,4.5,4.6,4.1,3.1
61.1399503541946,-0.3,4.4,4.5,4.1,3.2
61.5520674000774,-0.3,4.5,4.4,4.1,3.3
61.5520674000774,-0.3,4.5,4.4,4.2,3.3
61.3762439594548,-0.3,4.4,4.4,4.2,3.4
61.3762439594548,-0.3,4.4,4.4,4.2,3.5
61.4428614469126,-0.3,4.4,4.5,4.2,3.6
61.5051866045562,-0.3,4.5,4.4,4.2,3.6
61.3838923783024,-0.3,4.3,4.4,4.2,3.7
61.5178062986804,-0.3,4.4,4.3,4.3,3.8
61.4419755497401,-0.3,4.3,4.3,4.3,3.8
61.4754777064527,-0.3,4.3,4.3,4.3,3.9
61.4754777064527,-0.3,4.3,4.3,4.3,3.9
61.4339505251199,-0.3,4.3,4.3,4.3,4
61.3748105952614,-0.3,4.3,4.3,4.3,4
61.3748105952614,-0.3,4.3,4.3,4.3,4.1
61.5085299212002,-0.3,4.5,4.4,4.3,4.1
61.5085299212002,-0.3,4.5,4.4,4.3,4.2
61.4179366620776,-0.3,4.3,4.4,4.3,4.2
61.2994556817022,-0.4,4.3,4.3,4.3,4.2
61.5418438150964,-0.3,4.5,4.3,4.4,4.3
61.5418438150964,-0.3,4.5,4.3,4.4,4.3
61.4922461923871,-0.3,4.4,4.3,4.4,4.3
61.4922461923871,-0.3,4.4,4.3,4.4,4.3
61.3947429172765,-0.3,4.3,4.3,4.4,4.3
63.7030184057301,-0.2,3.5,1.8,4.3,4.2
63.7030184057301,-0.2,3.5,1.8,4.3,4
68.8745022832541,0.1,3,-6.6,4.2,3.3
68.8745022832541,0.1,3,-6.6,4.1,2.6
60.6808348503877,-0.3,4.2,4,4.1,2.7
60.6808348503877,-0.3,4.2,4,4.1,2.7
60.7164509453455,-0.3,4.3,4.1,4.1,2.8
63.6012523224353,-0.1,3.4,1,4,2.6
63.6012523224353,-0.1,3.4,1,4,2.5
58.4369308050136,-0.6,4.8,6.6,4,2.7
58.4369308050136,-0.6,4.8,6.6,4.1,2.9
71.0820348934482,0.5,0.5,-6.2,3.8,2.3
71.0820348934482,0.5,0.5,-6.2,3.6,1.7
69.659592208791,0.2,1.6,-4.9,3.5,1.2
69.659592208791,0.2,1.6,-4.9,3.3,0.7
69.659592208791,0.2,1.6,-4.9,3.2,0.3
69.659592208791,0.2,1.6,-4.9,3.1,-0.1
70.5137198128925,0.2,1.9,-5.3,3,-0.6
70.5137198128925,0.2,1.9,-5.3,2.8,-1
71.1557654506686,0.3,1.9,-6,2.8,-1.4
71.1557654506686,0.3,1.9,-6,2.7,-1.8
72.5962776253736,0.4,2,-7.7,2.6,-2.3
72.5962776253736,0.4,2,-7.7,2.5,-2.8
73.9771133327253,0.5,2.3,-9.7,2.5,-3.4
73.7900355945463,0.4,2.1,-9.5,2.4,-3.9
73.7900355945463,0.4,2.1,-9.5,2.3,-4.4
71.9308618667353,0.3,2.5,-5.8,2.3,-4.7
71.9308618667353,0.3,2.5,-5.8,2.3,-4.9
71.1131942031434,0.3,2.3,-2.7,2.3,-4.9
71.1131942031434,0.3,2.3,-2.7,2.3,-4.9
71.2638592113481,0.3,2.3,-2.8,2.2,-4.8
70.6583279291815,0.2,0.6,-1.5,2.1,-4.7
70.6583279291815,0.2,0.6,-1.5,2,-4.6
70.1671503040854,0.2,0.6,-1.2,1.9,-4.4
70.1671503040854,0.2,0.6,-1.2,1.8,-4.3
68.8639385556229,0.1,0.9,-0.1,1.7,-4.1
68.8639385556229,0.1,0.9,-0.1,1.6,-3.9
67.8630707036135,0.1,1.1,0.8,1.6,-3.6
67.8630707036135,0.1,1.1,0.8,1.5,-3.3
67.0138283397877,0.1,1.3,1.9,1.5,-2.9
66.7137090197904,0,1.3,2.1,1.5,-2.6
66.7137090197904,0,1.3,2.1,1.5,-2.2
66.8364114317672,0,1.3,1.7,1.4,-1.8
66.8364114317672,0,1.3,1.7,1.4,-1.5
66.9879202772134,0.1,1.2,1.7,1.4,-1.2
67.1291266571022,0,1.3,1.5,1.4,-0.9
67.3682942590193,0.1,1.2,1.3,1.3,-0.6
71.4172618836392,0.4,0,-4.2,1.2,-0.7
71.4172618836392,0.4,0,-4.2,1.2,-0.8
68.3618839977735,0.1,0.4,-1.6,1.1,-0.8
68.3618839977735,0.1,0.4,-1.6,1,-0.7
72.2785721668008,0.4,-2.4,-5.5,0.8,-1
71.6458178055973,0.4,-2.3,-4.6,0.6,-1.1
71.6458178055973,0.4,-2.3,-4.6,0.3,-1.3
72.3737893262641,0.5,-1.6,-4.5,0.2,-1.5
72.3737893262641,0.5,-1.6,-4.5,0,-1.6
65.3759460976922,0,-1.3,2.8,-0.1,-1.4
65.3759460976922,0,-1.3,2.8,-0.2,-1.1
76.4358609047177,1,-2.4,-10.9,-0.4,-1.7
76.4358609047177,1,-2.4,-10.9,-0.6,-2.4
58.139303582166,-0.6,2.6,6.9,-0.4,-1.8
58.139303582166,-0.6,2.6,6.9,-0.2,-1.3
72.1149965357921,0.4,0.1,-8.1,-0.2,-1.8
72.1149965357921,0.4,0.1,-8.1,-0.2,-2.2
74.5139104308417,0.9,-1.6,-10.2,-0.4,-2.8
74.5139104308417,0.9,-1.6,-10.2,-0.5,-3.4
69.8601629206639,0.2,1.3,-3.7,-0.4,-3.5
69.8601629206639,0.2,1.3,-3.7,-0.3,-3.6
71.1699545431407,0.5,-1.2,-5.8,-0.4,-3.8
71.1699545431407,0.5,-1.2,-5.8,-0.4,-4
76.019674924066,0.7,-0.1,-11.9,-0.4,-4.6
76.019674924066,0.7,-0.1,-11.9,-0.4,-5.2
76.6684009420868,0.8,0.5,-11.6,-0.4,-5.7
76.6684009420868,0.8,0.5,-11.6,-0.3,-6.2
72.6780992584126,0.8,-1.6,-7.4,-0.4,-6.4
72.6780992584126,0.8,-1.6,-7.4,-0.5,-6.5
68.7200187732377,0.1,0.5,-2.5,-0.4,-6.4
68.7200187732377,0.1,0.5,-2.5,-0.3,-6.2
69.0878188780168,0.3,-2.1,-1,-0.4,-5.9
69.0878188780168,0.3,-2.1,-1,-0.5,-5.6
