---------------------------------------------
49.3905165849395
0
0
0
---------------------------------------------
49.3905165849395
0
0
0
---------------------------------------------
49.3905165849395
0
0
0
---------------------------------------------
49.3905165849395
0
0
0
---------------------------------------------
49.3905165849395
0
0
0
---------------------------------------------
49.3905165849395
0
0
0
---------------------------------------------
49.3905165849395
0
0
0
---------------------------------------------
49.3905165849395
0
0
0
---------------------------------------------
49.3905165849395
0
0
0
---------------------------------------------
49.3905165849395
0
0
0
---------------------------------------------
49.3905165849395
0
0
0
