---------------------------------------------
68.8172894535012
0.5
-2.3
-11.3
---------------------------------------------
68.7756947910143
0.5
-2.3
-11.1
---------------------------------------------
68.7756947910143
0.5
-2.3
-11.1
---------------------------------------------
68.7661755921512
0.5
-2.2
-11.1
---------------------------------------------
68.7661755921512
0.5
-2.2
-11.1
---------------------------------------------
69.4368971139098
0.5
-2.3
-11.7
---------------------------------------------
69.4368971139098
0.5
-2.3
-11.7
---------------------------------------------
71.0512193197253
0.7
-2.7
-13
---------------------------------------------
71.0512193197253
0.7
-2.7
-13
---------------------------------------------
72.0159810297978
0.8
-3.2
-14.3
---------------------------------------------
72.0159810297978
0.8
-3.2
-14.3
---------------------------------------------
71.7410639266948
0.7
-3.1
-13.8
---------------------------------------------
71.7410639266948
0.7
-3.1
-13.8
---------------------------------------------
70.913345846534
0.6
-2.7
-13
---------------------------------------------
70.913345846534
0.6
-2.7
-13
---------------------------------------------
71.3775551131633
0.7
-2.7
-13.8
---------------------------------------------
71.3804811412448
0.7
-2.8
-13.9
---------------------------------------------
71.3804811412448
0.7
-2.8
-13.9
---------------------------------------------
71.229361266611
0.7
-2.8
-13.6
---------------------------------------------
71.229361266611
0.7
-2.8
-13.6
---------------------------------------------
71.3635473354303
0.6
-3
-14.1
---------------------------------------------
70.9150340966291
0.6
-3.1
-13.7
---------------------------------------------
70.9150340966291
0.6
-3.1
-13.7
---------------------------------------------
69.44584622302
0.6
-2.3
-12
---------------------------------------------
68.525936239191
0.5
-2.1
-10.8
