---------------------------------------------
56.9642441353028
0
0
0
---------------------------------------------
56.9642441353028
0
0
0
---------------------------------------------
56.9642441353028
0
0
0
---------------------------------------------
56.9642441353028
0
0
0
---------------------------------------------
56.9642441353028
0
0
0
---------------------------------------------
56.9642441353028
0
0
0
---------------------------------------------
56.9642441353028
0
0
0
---------------------------------------------
56.9642441353028
0
0
0
