---------------------------------------------
52.9937959559312
0
0
0
---------------------------------------------
52.9937959559312
0
0
0
---------------------------------------------
52.9937959559312
0
0
0
---------------------------------------------
52.9937959559312
0
0
0
---------------------------------------------
52.9937959559312
0
0
0
---------------------------------------------
52.9937959559312
0
0
0
---------------------------------------------
52.9937959559312
0
0
0
---------------------------------------------
52.9937959559312
0
0
0
---------------------------------------------
52.9937959559312
0
0
0
---------------------------------------------
52.9937959559312
0
0
0
---------------------------------------------
52.9937959559312
0
0
0
---------------------------------------------
52.9937959559312
0
0
0
---------------------------------------------
52.9937959559312
0
0
0
---------------------------------------------
52.9937959559312
0
0
0
---------------------------------------------
52.9937959559312
0
0
0
---------------------------------------------
52.9937959559312
0
0
0
---------------------------------------------
52.9937959559312
0
0
0
---------------------------------------------
52.9937959559312
0
0
0
