---------------------------------------------
60.1465023839557
0
0
0
---------------------------------------------
60.1465023839557
0
0
0
---------------------------------------------
60.1465023839557
0
0
0
---------------------------------------------
60.1465023839557
0
0
0
---------------------------------------------
60.1465023839557
0
0
0
---------------------------------------------
60.1465023839557
0
0
0
---------------------------------------------
60.1465023839557
0
0
0
---------------------------------------------
60.1465023839557
0
0
0
---------------------------------------------
60.1465023839557
0
0
0
