---------------------------------------------
60.5658010721232
-0.6
1.7
8
---------------------------------------------
60.5431471415444
-0.6
1.7
8
---------------------------------------------
60.5431471415444
-0.6
1.7
8
---------------------------------------------
60.1297915306706
-0.7
1.6
8.2
---------------------------------------------
60.1297915306706
-0.7
1.6
8.2
---------------------------------------------
60.5391255276681
-0.6
1.7
8
---------------------------------------------
60.5391255276681
-0.6
1.7
8
---------------------------------------------
63.0412071412231
-0.3
0.7
5.7
---------------------------------------------
63.0412071412231
-0.3
0.7
5.7
---------------------------------------------
64.4563058649192
-0.3
0.9
3.7
---------------------------------------------
64.4563058649192
-0.3
0.9
3.7
---------------------------------------------
69.0613895903427
0.2
-0.2
-1.8
---------------------------------------------
69.0613895903427
0.2
-0.2
-1.8
---------------------------------------------
67.68206124364
0.1
0.1
-0.3
---------------------------------------------
68.371638183344
0.1
-0.5
-1.6
---------------------------------------------
66.1450663887334
0
-0.1
1.5
---------------------------------------------
66.1450663887334
0
-0.1
1.5
---------------------------------------------
64.4003868049786
-0.2
0.7
3.3
---------------------------------------------
64.4003868049786
-0.2
0.7
3.3
---------------------------------------------
64.5459270793468
-0.2
0.6
3.1
---------------------------------------------
64.7005823582052
-0.2
0.6
2.8
---------------------------------------------
64.8061063168601
-0.2
0.7
3
---------------------------------------------
64.8061063168601
-0.2
0.7
3
---------------------------------------------
63.1912390929124
-0.3
1.8
5.7
---------------------------------------------
63.0364796736834
-0.3
1.7
5.9
---------------------------------------------
63.1005255591615
-0.3
1.8
5.8
---------------------------------------------
63.1005255591615
-0.3
1.8
5.8
---------------------------------------------
63.1424497215253
-0.3
1.8
5.8
---------------------------------------------
63.3096809559776
-0.3
1.7
5.6
---------------------------------------------
64.4944883888164
-0.2
0.8
3.9
---------------------------------------------
64.4944883888164
-0.2
0.8
3.9
---------------------------------------------
64.3968022232206
-0.2
0.6
3.6
---------------------------------------------
64.4601227694014
-0.2
0.6
3.6
---------------------------------------------
64.4601227694014
-0.2
0.6
3.6
---------------------------------------------
64.6786705824141
-0.2
0.6
3.4
---------------------------------------------
64.6786705824141
-0.2
0.6
3.4
---------------------------------------------
64.6333607797689
-0.2
0.5
3.4
---------------------------------------------
64.5299025146052
-0.2
0.4
3.4
---------------------------------------------
64.7894015536101
-0.2
0.5
3.2
---------------------------------------------
64.7894015536101
-0.2
0.5
3.2
---------------------------------------------
64.4435359832933
-0.2
0.4
3.4
---------------------------------------------
64.9650932763687
-0.1
0.5
3
---------------------------------------------
64.2578652414945
-0.1
0.3
2
---------------------------------------------
64.2578652414945
-0.1
0.3
2
---------------------------------------------
63.369706855667
-0.1
0.4
2.9
---------------------------------------------
63.369706855667
-0.1
0.4
2.9
---------------------------------------------
64.3620941662662
-0.1
0.5
1.9
---------------------------------------------
64.3620941662662
-0.1
0.5
1.9
---------------------------------------------
60.8637497294298
-0.3
1
8.6
---------------------------------------------
60.8637497294298
-0.3
1
8.6
---------------------------------------------
59.864693956427
-0.4
1.4
9.1
---------------------------------------------
58.8908166425181
-0.5
1.7
9.7
---------------------------------------------
58.8908166425181
-0.5
1.7
9.7
---------------------------------------------
58.6631899126254
-0.8
1.4
8.4
---------------------------------------------
64.8478257443226
-0.1
0
3.6
---------------------------------------------
64.8478257443226
-0.1
0
3.6
---------------------------------------------
65.3186488599947
-0.1
-0.1
2.8
---------------------------------------------
65.2632699211846
-0.1
0.1
2.7
---------------------------------------------
65.2632699211846
-0.1
0.1
2.7
---------------------------------------------
65.4038268828234
-0.1
0.3
2.4
---------------------------------------------
65.4038268828234
-0.1
0.3
2.4
---------------------------------------------
65.9133236546229
-0.1
0.3
1.6
---------------------------------------------
66.8613022226998
0
0.1
0.5
---------------------------------------------
66.8613022226998
0
0.1
0.5
---------------------------------------------
67.634761956673
0
-0.1
-0.5
---------------------------------------------
68.1133212637498
0.1
-0.2
-0.9
---------------------------------------------
68.1133212637498
0.1
-0.2
-0.9
---------------------------------------------
69.0889738278875
0.1
-0.6
-2.1
---------------------------------------------
70.7256545293989
0.2
-1.2
-4.2
---------------------------------------------
70.7256545293989
0.2
-1.2
-4.2
---------------------------------------------
72.8884403187085
0.4
-1.8
-6.2
---------------------------------------------
69.4083877675625
0.2
-0.2
-1.5
---------------------------------------------
69.4083877675625
0.2
-0.2
-1.5
---------------------------------------------
67.5908598288403
0.1
-0.1
0.5
---------------------------------------------
67.3961361836898
0
0.2
0.5
---------------------------------------------
67.5379982309408
0.1
0.1
0.6
---------------------------------------------
67.5379982309408
0.1
0.1
0.6
---------------------------------------------
68.0614470510799
0.1
0.2
0.1
---------------------------------------------
69.4172184262205
0.2
-0.2
-1.6
---------------------------------------------
69.4172184262205
0.2
-0.2
-1.6
---------------------------------------------
70.6013883893964
0.4
-0.6
-3.1
---------------------------------------------
70.6013883893964
0.4
-0.6
-3.1
---------------------------------------------
71.3764518932355
0.4
-0.9
-4.1
---------------------------------------------
71.7131602974593
0.4
-1
-4.8
---------------------------------------------
71.7131602974593
0.4
-1
-4.8
---------------------------------------------
72.0306011114442
0.4
-1.1
-5.3
---------------------------------------------
71.9973149895797
0.4
-1.2
-5.3
---------------------------------------------
71.8963709327048
0.4
-1.2
-5.2
---------------------------------------------
70.649359616336
0.2
-1.2
-4.1
---------------------------------------------
70.649359616336
0.2
-1.2
-4.1
---------------------------------------------
67.6492345140126
0
-0.3
-0.3
---------------------------------------------
67.6492345140126
0
-0.3
-0.3
---------------------------------------------
66.6033985655008
0.1
0
1.7
---------------------------------------------
66.3808712269435
0
-0.1
2.3
---------------------------------------------
66.3490120675842
0
-0.1
2.2
---------------------------------------------
66.3490120675842
0
-0.1
2.2
---------------------------------------------
65.5984795296413
-0.1
0.2
2.6
---------------------------------------------
65.5984795296413
-0.1
0.2
2.6
---------------------------------------------
62.4412682654184
-0.3
0.7
5.6
---------------------------------------------
65.0289840766203
-0.2
0.2
3.5
---------------------------------------------
65.0289840766203
-0.2
0.2
3.5
---------------------------------------------
66.5324198832617
0
-0.2
2
---------------------------------------------
67.1184306507364
0.1
-0.6
1.9
---------------------------------------------
66.3752079675856
0
-0.4
2.6
---------------------------------------------
67.3996142607022
0
-0.6
1.5
---------------------------------------------
67.3996142607022
0
-0.6
1.5
---------------------------------------------
65.8718569378079
-0.1
-0.3
3.2
---------------------------------------------
64.8901679122875
-0.1
-0.1
4.8
---------------------------------------------
65.0778479265825
-0.1
-0.1
4.6
---------------------------------------------
68.0987437976778
0.1
-0.2
-0.4
---------------------------------------------
70.066208266465
0.2
-0.9
-2.8
---------------------------------------------
70.066208266465
0.2
-0.9
-2.8
---------------------------------------------
69.1533982698168
0.2
-0.7
-1.4
---------------------------------------------
69.1533982698168
0.2
-0.7
-1.4
---------------------------------------------
66.871369496939
0
-0.1
0.6
---------------------------------------------
64.5602144043167
-0.2
0.4
2.6
---------------------------------------------
65.9105977265464
-0.1
0.1
0.8
---------------------------------------------
65.9105977265464
-0.1
0.1
0.8
---------------------------------------------
68.1111466027334
0.1
-0.4
-1.8
---------------------------------------------
68.1111466027334
0.1
-0.4
-1.8
---------------------------------------------
68.8634995873537
0.1
-0.6
-2.6
---------------------------------------------
69.0424104245317
0.1
-0.8
-3.1
---------------------------------------------
69.0424104245317
0.1
-0.8
-3.1
---------------------------------------------
68.7490727421502
0.1
-0.7
-2.7
---------------------------------------------
68.806577825072
0.1
-0.8
-2.9
---------------------------------------------
65.1384622093021
-0.1
0
3
---------------------------------------------
64.2329683443562
-0.1
0
4.4
---------------------------------------------
64.2329683443562
-0.1
0
4.4
---------------------------------------------
64.0972683659038
-0.1
0
4.6
---------------------------------------------
64.4329931723354
-0.1
-0.1
4.3
---------------------------------------------
64.4329931723354
-0.1
-0.1
4.3
---------------------------------------------
66.0865710714562
0
-0.6
2.3
---------------------------------------------
66.0865710714562
0
-0.6
2.3
---------------------------------------------
65.9589250114458
0
-0.4
2.2
---------------------------------------------
66.2381006379689
-0.1
-0.4
2
---------------------------------------------
66.2381006379689
-0.1
-0.4
2
---------------------------------------------
66.5364112946057
0
-0.6
1.8
---------------------------------------------
66.5364112946057
0
-0.6
1.8
---------------------------------------------
66.4444213829749
0
-0.8
2.2
---------------------------------------------
65.9110288137727
-0.1
-0.3
2.5
---------------------------------------------
65.9110288137727
-0.1
-0.3
2.5
---------------------------------------------
64.6865586461082
-0.1
0
3.5
---------------------------------------------
64.6865586461082
-0.1
0
3.5
---------------------------------------------
63.8553851519893
-0.2
0.2
4.7
---------------------------------------------
63.6491848455907
-0.2
0.4
5
---------------------------------------------
63.6491848455907
-0.2
0.4
5
---------------------------------------------
63.7590530771535
-0.2
0.3
4.8
---------------------------------------------
63.7590530771535
-0.2
0.3
4.8
---------------------------------------------
64.2703231762673
-0.1
0.3
2.9
---------------------------------------------
67.7268478627266
0
-0.2
-1.2
---------------------------------------------
67.7268478627266
0
-0.2
-1.2
---------------------------------------------
66.3824297235269
0
-0.1
-0.1
---------------------------------------------
66.3824297235269
0
-0.1
-0.1
---------------------------------------------
65.7905632540042
0
0
0.6
---------------------------------------------
65.7526556489269
-0.1
0.2
0.7
---------------------------------------------
65.7526556489269
-0.1
0.2
0.7
---------------------------------------------
65.6621822161895
-0.1
0.2
0.6
---------------------------------------------
65.6621822161895
-0.1
0.2
0.6
---------------------------------------------
65.6367543685604
-0.1
0.1
0.5
---------------------------------------------
65.7321209972433
-0.1
0
0.6
---------------------------------------------
65.7321209972433
-0.1
0
0.6
---------------------------------------------
65.0022144878226
-0.1
0.9
2.9
---------------------------------------------
65.0738086623326
-0.1
0.6
2.4
---------------------------------------------
65.1411959909851
-0.1
0.4
1.7
---------------------------------------------
65.1411959909851
-0.1
0.4
1.7
---------------------------------------------
65.6438418867007
-0.1
0.1
0.6
---------------------------------------------
66.1241164373809
0
-0.1
0.3
---------------------------------------------
66.1241164373809
0
-0.1
0.3
---------------------------------------------
67.5159008216962
0
-0.4
-1.1
---------------------------------------------
68.596703610271
0.1
-0.7
-2.4
---------------------------------------------
68.596703610271
0.1
-0.7
-2.4
---------------------------------------------
70.0047370702176
0.2
-1.1
-3.7
---------------------------------------------
70.0047370702176
0.2
-1.1
-3.7
---------------------------------------------
70.3467068909267
0.2
-1
-4
---------------------------------------------
70.3467068909267
0.2
-1
-4
---------------------------------------------
70.3745314627119
0.2
-1
-4
---------------------------------------------
70.265142023258
0.2
-1
-3.9
---------------------------------------------
70.265142023258
0.2
-1
-3.9
---------------------------------------------
70.5911165868008
0.2
-1
-4
---------------------------------------------
71.2975553618836
0.3
-1.3
-4.8
---------------------------------------------
71.2975553618836
0.3
-1.3
-4.8
---------------------------------------------
70.9212778317461
0.3
-0.9
-3.9
---------------------------------------------
70.9212778317461
0.3
-0.9
-3.9
---------------------------------------------
69.7852028008993
0.3
-0.2
-2
---------------------------------------------
69.7852028008993
0.3
-0.2
-2
---------------------------------------------
70.3859184257135
0.3
-0.4
-2.7
---------------------------------------------
71.0012963229508
0.2
-1.2
-4.3
---------------------------------------------
71.0012963229508
0.2
-1.2
-4.3
---------------------------------------------
69.041419377078
0.1
-0.5
-2.2
---------------------------------------------
69.041419377078
0.1
-0.5
-2.2
---------------------------------------------
67.6634058243698
0
0
-0.8
---------------------------------------------
67.4358360562904
0
0.1
-0.4
---------------------------------------------
67.3872573845555
0
0.2
-0.3
---------------------------------------------
67.3872573845555
0
0.2
-0.3
---------------------------------------------
67.7789610246404
0
0.1
-0.5
---------------------------------------------
67.855197458055
0.1
-0.2
-0.6
---------------------------------------------
67.855197458055
0.1
-0.2
-0.6
---------------------------------------------
67.7981742425657
0
-0.3
-0.4
---------------------------------------------
69.434578249904
0.1
-0.8
-2.8
---------------------------------------------
69.9498644043236
0.2
-0.9
-3.4
---------------------------------------------
70.1902877095385
0.2
-0.9
-3.6
---------------------------------------------
70.1902877095385
0.2
-0.9
-3.6
---------------------------------------------
70.2049571192194
0.2
-1
-3.6
---------------------------------------------
70.1400523922904
0.2
-1
-3.5
---------------------------------------------
70.1400523922904
0.2
-1
-3.5
---------------------------------------------
70.1331801921854
0.2
-0.9
-3.5
---------------------------------------------
70.0191131930605
0.2
-0.8
-3.1
---------------------------------------------
70.0191131930605
0.2
-0.8
-3.1
---------------------------------------------
69.6278289592826
0.2
-0.7
-2.6
---------------------------------------------
68.3431451387646
0.1
-0.4
-0.8
---------------------------------------------
68.3431451387646
0.1
-0.4
-0.8
---------------------------------------------
68.3437737241119
0.1
-0.4
-0.5
---------------------------------------------
66.355018373434
0
0.1
2.4
---------------------------------------------
66.355018373434
0
0.1
2.4
---------------------------------------------
66.2944579422135
-0.1
0.1
2.4
---------------------------------------------
66.2944579422135
-0.1
0.1
2.4
---------------------------------------------
66.4690799241355
0
0
2
---------------------------------------------
66.7886934555999
-0.1
-0.1
1.7
---------------------------------------------
66.7886934555999
-0.1
-0.1
1.7
---------------------------------------------
67.3674647599425
0
-0.2
1.1
---------------------------------------------
67.3674647599425
0
-0.2
1.1
---------------------------------------------
67.8573618805866
0.1
-0.5
0.9
---------------------------------------------
68.0342427107884
0.1
-0.6
0.6
---------------------------------------------
68.0342427107884
0.1
-0.6
0.6
---------------------------------------------
68.3787703010197
0.1
-0.6
0.1
---------------------------------------------
67.8152554724157
0.1
-0.4
0.7
---------------------------------------------
67.4958818786777
0.1
-0.4
0.8
---------------------------------------------
67.4958818786777
0.1
-0.4
0.8
---------------------------------------------
68.1197447204189
0.1
-0.5
-0.1
---------------------------------------------
68.1197447204189
0.1
-0.5
-0.1
---------------------------------------------
68.2707078484814
0.1
-0.5
-0.5
---------------------------------------------
68.1326333720975
0.1
-0.6
-0.3
---------------------------------------------
68.1326333720975
0.1
-0.6
-0.3
---------------------------------------------
68.3251087869909
0.1
-0.5
-0.5
---------------------------------------------
68.1329894322625
0.1
-0.6
-0.3
---------------------------------------------
68.1329894322625
0.1
-0.6
-0.3
---------------------------------------------
68.1389226441719
0.1
-0.6
-0.4
---------------------------------------------
68.1389226441719
0.1
-0.6
-0.4
---------------------------------------------
68.1444133537341
0.1
-0.6
-0.3
---------------------------------------------
68.3468722136973
0.1
-0.6
-0.6
---------------------------------------------
68.3795223224639
0.1
-0.5
-0.5
---------------------------------------------
68.36267624403
0.1
-0.5
-0.5
---------------------------------------------
68.36267624403
0.1
-0.5
-0.5
---------------------------------------------
68.1991980508608
0.1
-0.6
-0.6
---------------------------------------------
68.1724949222787
0.1
-0.6
-0.4
---------------------------------------------
68.1724949222787
0.1
-0.6
-0.4
---------------------------------------------
68.324520135633
0.1
-0.6
-0.6
---------------------------------------------
68.324520135633
0.1
-0.6
-0.6
---------------------------------------------
68.4306794059859
0.1
-0.6
-0.5
---------------------------------------------
68.412923506957
0.1
-0.6
-0.6
---------------------------------------------
68.412923506957
0.1
-0.6
-0.6
---------------------------------------------
68.4191008914388
0.1
-0.6
-0.6
---------------------------------------------
68.4191008914388
0.1
-0.6
-0.6
---------------------------------------------
68.4639490516236
0.1
-0.5
-0.6
---------------------------------------------
68.2513961306374
0.1
-0.5
-0.7
---------------------------------------------
68.2513961306374
0.1
-0.5
-0.7
---------------------------------------------
60.4241960106726
-0.4
0.9
8
---------------------------------------------
60.4241960106726
-0.4
0.9
8
---------------------------------------------
63.6711064389817
-0.2
0.1
4.9
---------------------------------------------
63.6711064389817
-0.2
0.1
4.9
---------------------------------------------
64.6224154685065
-0.1
-0.1
4.5
---------------------------------------------
64.6224154685065
-0.1
-0.1
4.5
---------------------------------------------
64.7549476401874
-0.1
-0.1
4.5
---------------------------------------------
64.9401001808571
-0.1
-0.3
4.1
---------------------------------------------
64.9401001808571
-0.1
-0.3
4.1
---------------------------------------------
65.1757179440755
-0.1
-0.3
3.8
---------------------------------------------
68.3405294845945
0.1
-0.5
-1.7
---------------------------------------------
68.3405294845945
0.1
-0.5
-1.7
---------------------------------------------
70.0376807354939
0.2
-1
-3.3
---------------------------------------------
71.3655538016021
0.3
-1.3
-5
---------------------------------------------
71.3655538016021
0.3
-1.3
-5
---------------------------------------------
70.4586415874421
0.2
-1.1
-4.1
---------------------------------------------
70.4586415874421
0.2
-1.1
-4.1
---------------------------------------------
70.5755349078177
0.2
-1
-3.9
---------------------------------------------
70.6868619847653
0.2
-1.1
-4.3
---------------------------------------------
70.6868619847653
0.2
-1.1
-4.3
---------------------------------------------
69.836800140509
0.1
-1
-3.4
---------------------------------------------
69.489120761733
0.2
-0.9
-3.1
---------------------------------------------
69.489120761733
0.2
-0.9
-3.1
---------------------------------------------
69.55191363666
0.1
-0.8
-2.8
---------------------------------------------
63.8275799175418
-0.3
0.7
4.5
---------------------------------------------
61.9739830100922
-0.6
1
5.7
---------------------------------------------
61.9739830100922
-0.6
1
5.7
---------------------------------------------
60.1063339130872
-1
0.9
6.5
---------------------------------------------
60.1063339130872
-1
0.9
6.5
---------------------------------------------
61.0170708960434
-0.7
0.9
6.3
---------------------------------------------
63.0395493141599
-0.2
0.5
4.5
---------------------------------------------
64.6911898426706
-0.1
0.3
2.3
---------------------------------------------
64.6911898426706
-0.1
0.3
2.3
---------------------------------------------
64.7763274315576
-0.1
0.2
2
---------------------------------------------
64.864787959976
-0.1
0.2
1.9
---------------------------------------------
64.9207947052344
-0.1
0.3
1.9
---------------------------------------------
64.9207947052344
-0.1
0.3
1.9
---------------------------------------------
64.803556984615
-0.1
0.2
1.8
---------------------------------------------
63.7461326939199
-0.2
0.4
3
---------------------------------------------
63.7461326939199
-0.2
0.4
3
---------------------------------------------
63.704283952173
-0.2
0.4
3.2
---------------------------------------------
63.2066006344934
-0.2
0.5
4
---------------------------------------------
63.2066006344934
-0.2
0.5
4
---------------------------------------------
63.2130067556567
-0.2
0.5
3.9
---------------------------------------------
63.2744006826641
-0.2
0.4
3.7
---------------------------------------------
63.1256386463873
-0.2
0.4
3.7
---------------------------------------------
63.1256386463873
-0.2
0.4
3.7
---------------------------------------------
63.2379338907082
-0.2
0.4
3.8
---------------------------------------------
63.153082246307
-0.2
0.4
3.8
---------------------------------------------
63.0882326290443
-0.2
0.3
3.8
---------------------------------------------
63.0882326290443
-0.2
0.3
3.8
---------------------------------------------
67.764071858431
0
-0.4
-0.5
---------------------------------------------
67.764071858431
0
-0.4
-0.5
---------------------------------------------
69.1586453108608
0.1
-0.7
-2.1
---------------------------------------------
69.1586453108608
0.1
-0.7
-2.1
---------------------------------------------
69.6693555018663
0.2
-0.7
-2.6
---------------------------------------------
70.7143324671429
0.2
-1
-3.7
---------------------------------------------
70.7143324671429
0.2
-1
-3.7
---------------------------------------------
71.2482198090265
0.3
-1.2
-4.4
---------------------------------------------
71.2482198090265
0.3
-1.2
-4.4
---------------------------------------------
71.3733737589967
0.3
-1.2
-4.3
---------------------------------------------
71.3522900023157
0.3
-1.2
-4.3
---------------------------------------------
71.3522900023157
0.3
-1.2
-4.3
---------------------------------------------
70.3546374587734
0.2
-1.1
-3
---------------------------------------------
70.3546374587734
0.2
-1.1
-3
---------------------------------------------
64.4386447330375
-0.2
0.9
3.7
---------------------------------------------
64.784503932969
-0.2
1
3.6
---------------------------------------------
64.784503932969
-0.2
1
3.6
---------------------------------------------
65.3345454778513
-0.2
0.8
2.9
---------------------------------------------
65.4415531532478
-0.1
0.8
3
---------------------------------------------
65.4415531532478
-0.1
0.8
3
---------------------------------------------
64.9661871594962
-0.2
0.9
3.2
---------------------------------------------
65.1287813275462
-0.2
0.8
3.2
---------------------------------------------
65.1287813275462
-0.2
0.8
3.2
---------------------------------------------
65.1420989296101
-0.2
0.7
3.2
---------------------------------------------
65.3523353152951
-0.1
0.7
3.1
---------------------------------------------
65.3523353152951
-0.1
0.7
3.1
---------------------------------------------
66.4048874138208
0
0.4
2.1
---------------------------------------------
66.4048874138208
0
0.4
2.1
---------------------------------------------
66.9180671727314
0
0.4
1.2
---------------------------------------------
67.0482308710711
0.1
0.4
1
---------------------------------------------
71.2677515264114
0.3
-1.1
-4.1
---------------------------------------------
71.2677515264114
0.3
-1.1
-4.1
---------------------------------------------
71.7027536005985
0.4
-1.3
-4.8
---------------------------------------------
71.7027536005985
0.4
-1.3
-4.8
---------------------------------------------
71.5455116284333
0.3
-1.3
-4.6
---------------------------------------------
69.6792078634589
0.2
-0.6
-2
---------------------------------------------
66.825460976883
-0.1
-0.1
1.3
---------------------------------------------
66.825460976883
-0.1
-0.1
1.3
---------------------------------------------
65.8498473268031
0
0
2.1
---------------------------------------------
65.8498473268031
0
0
2.1
---------------------------------------------
66.1498116123077
0
-0.5
2.6
---------------------------------------------
65.9608460125446
0
-0.4
3.3
---------------------------------------------
65.9608460125446
0
-0.4
3.3
---------------------------------------------
64.3040226648034
-0.1
0.1
5.5
---------------------------------------------
64.3040226648034
-0.1
0.1
5.5
---------------------------------------------
64.4906966271584
-0.1
0
5.4
---------------------------------------------
64.4906966271584
-0.1
0
5.4
---------------------------------------------
64.6378359143417
-0.1
-0.1
4.6
---------------------------------------------
64.6378359143417
-0.1
-0.1
4.6
---------------------------------------------
64.5900616473898
-0.1
-0.2
4.6
---------------------------------------------
64.5240607939803
-0.1
-0.1
4.7
---------------------------------------------
64.2396189744228
-0.1
0
5.3
---------------------------------------------
64.2396189744228
-0.1
0
5.3
---------------------------------------------
63.3606312208749
-0.2
0.4
6.2
---------------------------------------------
63.3606312208749
-0.2
0.4
6.2
---------------------------------------------
63.2207413207145
-0.2
0.5
6.3
---------------------------------------------
63.4803443851699
-0.2
0.3
5.9
---------------------------------------------
63.4803443851699
-0.2
0.3
5.9
---------------------------------------------
63.8818467625496
-0.2
0.1
5.4
---------------------------------------------
64.0280296959851
-0.1
0
4.9
---------------------------------------------
64.0280296959851
-0.1
0
4.9
---------------------------------------------
64.2510904096489
-0.1
0
4.8
---------------------------------------------
64.2510904096489
-0.1
0
4.8
---------------------------------------------
64.2507643119879
-0.1
-0.1
4.6
---------------------------------------------
64.4001793675574
-0.1
-0.1
4.3
---------------------------------------------
64.4178832743087
-0.1
-0.1
4.3
---------------------------------------------
64.4178832743087
-0.1
-0.1
4.3
---------------------------------------------
64.485837302899
-0.1
-0.2
4.2
---------------------------------------------
64.5269435349993
-0.1
-0.2
4.3
---------------------------------------------
64.5269435349993
-0.1
-0.2
4.3
---------------------------------------------
64.5169761827791
-0.1
-0.2
4.3
---------------------------------------------
64.4929480025204
-0.1
-0.2
4.3
---------------------------------------------
65.0813118573178
-0.1
-0.3
3.7
---------------------------------------------
65.0865334746525
-0.1
-0.2
3.6
---------------------------------------------
65.0865334746525
-0.1
-0.2
3.6
---------------------------------------------
64.8373179617455
-0.1
-0.1
4.1
---------------------------------------------
63.8913457966751
-0.1
0.1
5.4
---------------------------------------------
63.8913457966751
-0.1
0.1
5.4
---------------------------------------------
68.1877484051698
0.1
-0.5
-1.6
---------------------------------------------
68.1877484051698
0.1
-0.5
-1.6
---------------------------------------------
70.4891282282115
0.3
-0.9
-3.1
---------------------------------------------
70.4891282282115
0.3
-0.9
-3.1
---------------------------------------------
67.7102169167606
0.1
0
0.3
---------------------------------------------
64.9187306001949
-0.2
0.5
3.6
---------------------------------------------
64.9187306001949
-0.2
0.5
3.6
---------------------------------------------
64.6250328679764
-0.3
0.5
3.8
---------------------------------------------
64.6250328679764
-0.3
0.5
3.8
---------------------------------------------
64.2488643155635
-0.3
0.5
4.2
---------------------------------------------
63.8077232477366
-0.4
0.5
4.4
---------------------------------------------
63.8077232477366
-0.4
0.5
4.4
---------------------------------------------
63.8965530536256
-0.3
0.7
4.6
---------------------------------------------
63.8965530536256
-0.3
0.7
4.6
---------------------------------------------
64.5461291486111
-0.2
0.7
4.9
---------------------------------------------
64.8094951891945
-0.2
0.7
4.7
---------------------------------------------
65.5644727635245
-0.1
0.4
3.4
---------------------------------------------
65.5644727635245
-0.1
0.4
3.4
---------------------------------------------
66.1139991245477
-0.1
0.2
2.9
---------------------------------------------
66.0525959014445
-0.1
0
2.8
---------------------------------------------
66.4043363123972
0
0
2.4
---------------------------------------------
66.4043363123972
0
0
2.4
---------------------------------------------
66.239366499256
-0.1
0.2
1.8
---------------------------------------------
66.6186223083633
0
0
1
---------------------------------------------
66.6186223083633
0
0
1
---------------------------------------------
66.6360860443787
0
0.1
1
---------------------------------------------
66.5154301953848
0
-0.1
0.8
---------------------------------------------
66.4793094829129
0
-0.1
0.8
---------------------------------------------
66.4793094829129
0
-0.1
0.8
---------------------------------------------
67.2259159278518
0
-0.1
0.6
---------------------------------------------
69.0420751166269
0.1
-0.6
-2.3
---------------------------------------------
69.0420751166269
0.1
-0.6
-2.3
---------------------------------------------
69.0426281172384
0.1
-0.5
-2.5
---------------------------------------------
69.3144116233269
0.1
-0.6
-2.9
---------------------------------------------
69.3144116233269
0.1
-0.6
-2.9
---------------------------------------------
69.4427698518745
0.1
-0.8
-3
---------------------------------------------
70.3965702177572
0.2
-0.9
-3.7
---------------------------------------------
70.3965702177572
0.2
-0.9
-3.7
---------------------------------------------
72.9200441232966
0.4
-1.9
-6.4
---------------------------------------------
72.7316819411093
0.4
-1.7
-6
---------------------------------------------
72.7316819411093
0.4
-1.7
-6
---------------------------------------------
72.5927153940917
0.4
-1.8
-5.6
---------------------------------------------
72.5927153940917
0.4
-1.8
-5.6
---------------------------------------------
72.5676719346601
0.5
-1.5
-5.3
---------------------------------------------
72.8724291606157
0.5
-1.5
-5.6
---------------------------------------------
72.5089249584632
0.4
-1.5
-5.2
---------------------------------------------
72.5089249584632
0.4
-1.5
-5.2
---------------------------------------------
73.3128817106984
0.5
-1.9
-6.5
---------------------------------------------
69.5826631454932
0.2
-0.4
-1.7
---------------------------------------------
69.5826631454932
0.2
-0.4
-1.7
---------------------------------------------
63.623167073466
-0.3
0.8
4.6
---------------------------------------------
62.5846465276398
-0.5
0.8
5.4
---------------------------------------------
62.5846465276398
-0.5
0.8
5.4
---------------------------------------------
61.9389575192363
-0.6
0.9
5.9
---------------------------------------------
61.3223235096671
-0.7
0.9
6.4
---------------------------------------------
61.3223235096671
-0.7
0.9
6.4
---------------------------------------------
60.9661167230535
-0.7
0.8
6.5
---------------------------------------------
60.3931751944149
-0.8
0.9
7
---------------------------------------------
60.3931751944149
-0.8
0.9
7
---------------------------------------------
59.2706114779877
-1
1
7.7
---------------------------------------------
58.8243840347052
-0.7
3
10.3
---------------------------------------------
60.9739312228847
-0.6
2.2
8.7
---------------------------------------------
60.9739312228847
-0.6
2.2
8.7
---------------------------------------------
61.2332208965769
-0.5
2.2
8.4
---------------------------------------------
61.3421332847177
-0.5
2
8.3
---------------------------------------------
61.3421332847177
-0.5
2
8.3
---------------------------------------------
61.1251599726131
-0.6
1.9
8.4
---------------------------------------------
61.3379062248919
-0.5
2
8.3
---------------------------------------------
61.3379062248919
-0.5
2
8.3
---------------------------------------------
61.3479589188352
-0.5
2
8.3
---------------------------------------------
61.3618811396768
-0.5
2
8.3
---------------------------------------------
61.3618811396768
-0.5
2
8.3
---------------------------------------------
61.1532863424531
-0.6
2
8.4
---------------------------------------------
60.9820736610882
-0.6
2
8.5
---------------------------------------------
60.9820736610882
-0.6
2
8.5
---------------------------------------------
60.9495665359391
-0.6
2
8.5
---------------------------------------------
61.2348193551013
-0.5
2
8.4
---------------------------------------------
61.2731652080822
-0.6
2.1
8.4
---------------------------------------------
61.2731652080822
-0.6
2.1
8.4
---------------------------------------------
60.9643516089518
-0.6
2
8.5
---------------------------------------------
60.9462402333117
-0.6
2
8.5
---------------------------------------------
60.9462402333117
-0.6
2
8.5
---------------------------------------------
61.3407310114385
-0.5
2
8.3
---------------------------------------------
62.425432785972
-0.4
1.3
6.7
---------------------------------------------
62.425432785972
-0.4
1.3
6.7
---------------------------------------------
62.1761749712926
-0.4
1.3
6.8
---------------------------------------------
62.0109766988483
-0.5
1.3
7
---------------------------------------------
62.3768061450302
-0.5
1.1
6.7
---------------------------------------------
62.4676507899567
-0.4
1.1
6.7
---------------------------------------------
62.4676507899567
-0.4
1.1
6.7
---------------------------------------------
63.0532528244615
-0.4
1.2
6.2
---------------------------------------------
64.0163892972921
-0.2
0.9
5.2
---------------------------------------------
64.0163892972921
-0.2
0.9
5.2
---------------------------------------------
65.7514973117064
-0.1
0.2
2.7
---------------------------------------------
66.5267741040112
0
0
1.2
---------------------------------------------
66.5267741040112
0
0
1.2
---------------------------------------------
66.8545533249543
0
0.1
1
---------------------------------------------
67.3325555099536
0
0
0.6
---------------------------------------------
67.7753625399351
0.1
0
0.2
---------------------------------------------
67.7753625399351
0.1
0
0.2
---------------------------------------------
68.0506658188375
0.1
-0.1
-0.3
---------------------------------------------
67.606523274979
0.1
0
0.5
---------------------------------------------
67.606523274979
0.1
0
0.5
---------------------------------------------
67.666898242815
0.1
0.5
0.4
---------------------------------------------
67.5757603471092
0.1
0.5
0.8
---------------------------------------------
67.5757603471092
0.1
0.5
0.8
---------------------------------------------
67.8164609521309
0.1
0.6
0.5
---------------------------------------------
68.6059216038354
0.2
0.4
-0.4
---------------------------------------------
70.8171971046181
0.4
-0.1
-3
---------------------------------------------
69.6669075902678
0.3
0.1
-1.9
---------------------------------------------
70.116426048725
0.4
0.1
-2.2
---------------------------------------------
67.465837144607
0.1
0.7
1.2
---------------------------------------------
67.465837144607
0.1
0.7
1.2
---------------------------------------------
63.5691832223935
-0.4
1
4.7
---------------------------------------------
62.3082679613274
-0.6
1.1
5.8
---------------------------------------------
61.7685281476807
-0.7
1.1
6.2
---------------------------------------------
61.7685281476807
-0.7
1.1
6.2
---------------------------------------------
61.4437431232593
-0.7
1.2
6.5
---------------------------------------------
61.8231465772981
-0.6
0.9
6.3
---------------------------------------------
61.8231465772981
-0.6
0.9
6.3
---------------------------------------------
63.7612918000332
-0.3
0.7
4.6
---------------------------------------------
65.3363893476178
-0.2
0.4
3.2
---------------------------------------------
65.3363893476178
-0.2
0.4
3.2
---------------------------------------------
65.8937332282533
-0.1
0.5
3
---------------------------------------------
65.9301334843656
-0.1
0.9
3.2
---------------------------------------------
65.9301334843656
-0.1
0.9
3.2
---------------------------------------------
69.8427252199528
0.3
0.2
-1.4
---------------------------------------------
69.8427252199528
0.3
0.2
-1.4
---------------------------------------------
70.2907808253055
0.4
-0.1
-2.1
---------------------------------------------
69.6798205327526
0.3
-0.1
-1.6
---------------------------------------------
69.6798205327526
0.3
-0.1
-1.6
---------------------------------------------
69.1407856140688
0.2
0
-1
---------------------------------------------
69.1407856140688
0.2
0
-1
---------------------------------------------
68.9889620611037
0.2
-0.1
-0.8
---------------------------------------------
68.5468920884737
0.1
-0.1
-0.8
---------------------------------------------
68.5468920884737
0.1
-0.1
-0.8
---------------------------------------------
68.527924813681
0.1
0
-0.7
---------------------------------------------
68.922428531635
0.2
-0.1
-1
---------------------------------------------
68.922428531635
0.2
-0.1
-1
---------------------------------------------
69.1352762576622
0.2
-0.1
-1.3
---------------------------------------------
69.1352762576622
0.2
-0.1
-1.3
---------------------------------------------
68.8955163343605
0.2
0
-0.9
---------------------------------------------
68.3792150538447
0.1
0.1
-0.2
---------------------------------------------
68.3792150538447
0.1
0.1
-0.2
---------------------------------------------
68.6984465824452
0.2
0.3
-0.7
---------------------------------------------
68.6904750006914
0.2
0.3
-0.6
---------------------------------------------
68.5509747252939
0.2
0.3
-0.7
---------------------------------------------
68.5509747252939
0.2
0.3
-0.7
---------------------------------------------
68.5072459362474
0.2
0.3
-0.6
---------------------------------------------
68.7262563821673
0.2
0.3
-0.7
---------------------------------------------
68.7262563821673
0.2
0.3
-0.7
---------------------------------------------
68.7529356674454
0.2
0.2
-0.8
---------------------------------------------
68.7529356674454
0.2
0.2
-0.8
---------------------------------------------
69.0652136320487
0.3
0.3
-1.1
---------------------------------------------
63.6199662695751
-0.2
1.5
6.6
---------------------------------------------
63.6199662695751
-0.2
1.5
6.6
---------------------------------------------
65.8726396351535
-0.1
0
2.7
---------------------------------------------
65.8726396351535
-0.1
0
2.7
---------------------------------------------
63.958087801592
-0.2
0.9
5.6
---------------------------------------------
63.958087801592
-0.2
0.9
5.6
---------------------------------------------
64.9698911862948
-0.1
0.3
3.7
---------------------------------------------
65.4614204770603
-0.1
0.2
3.4
---------------------------------------------
65.4614204770603
-0.1
0.2
3.4
---------------------------------------------
66.0273524578599
0
-0.1
2.8
---------------------------------------------
66.0273524578599
0
-0.1
2.8
---------------------------------------------
65.8138123279642
-0.1
-0.1
3
---------------------------------------------
65.7463153209932
-0.1
-0.1
3
---------------------------------------------
65.7463153209932
-0.1
-0.1
3
---------------------------------------------
65.7543936627224
-0.1
-0.1
3
---------------------------------------------
65.9529628208735
-0.1
0
2.8
---------------------------------------------
65.9529628208735
-0.1
0
2.8
---------------------------------------------
65.7929111657835
-0.1
-0.1
3.1
---------------------------------------------
65.7929111657835
-0.1
-0.1
3.1
---------------------------------------------
65.7208887768119
-0.1
-0.1
3
---------------------------------------------
65.7208887768119
-0.1
-0.1
3