---------------------------------------------
77.4148364615556
0.4
-0.7
-11.5
---------------------------------------------
77.4958117244684
0.4
-0.8
-11.7
---------------------------------------------
77.2555014236561
0.3
-0.6
-11.3
---------------------------------------------
77.2555014236561
0.3
-0.6
-11.3
---------------------------------------------
76.1362227745636
0.2
-0.4
-9.7
---------------------------------------------
76.1362227745636
0.2
-0.4
-9.7
---------------------------------------------
74.2427476327717
0.1
0.2
-7.3
---------------------------------------------
74.3560100202245
0.1
0.1
-7.3
---------------------------------------------
74.3560100202245
0.1
0.1
-7.3
---------------------------------------------
74.3275515347075
0.1
0.1
-7.4
---------------------------------------------
74.3275515347075
0.1
0.1
-7.4
---------------------------------------------
74.3329271725799
0.1
0.1
-7.4
---------------------------------------------
74.3329271725799
0.1
0.1
-7.4
---------------------------------------------
74.3269264889112
0.1
0
-7.4
---------------------------------------------
74.365694790283
0.1
0.1
-7.3
---------------------------------------------
74.365694790283
0.1
0.1
-7.3
---------------------------------------------
74.3841766838897
0.1
0.1
-7.3
---------------------------------------------
74.3841766838897
0.1
0.1
-7.3
---------------------------------------------
74.4843206566842
0.1
0.1
-7.7
---------------------------------------------
74.4575057125495
0.1
0.2
-7.6
---------------------------------------------
74.4575057125495
0.1
0.2
-7.6
