---------------------------------------------
62.0113617503308
-0.1
-0.1
-0.1
---------------------------------------------
62.1084152356522
0
-0.1
-0.5
---------------------------------------------
62.1084152356522
0
-0.1
-0.5
---------------------------------------------
62.4484569945444
-0.1
0
-0.9
---------------------------------------------
62.4484569945444
-0.1
0
-0.9
---------------------------------------------
62.489550524703
-0.1
0
-0.9
---------------------------------------------
61.9893647078458
-0.1
0
0
---------------------------------------------
61.9893647078458
-0.1
0
0
---------------------------------------------
61.4184480455441
-0.1
0
0.6
---------------------------------------------
61.3436377532991
-0.1
-0.1
0.5
---------------------------------------------
61.3436377532991
-0.1
-0.1
0.5
---------------------------------------------
61.4100909417647
0
0
0.6
---------------------------------------------
61.4100909417647
0
0
0.6
---------------------------------------------
61.0098016040413
-0.1
0.1
0.9
---------------------------------------------
61.0098016040413
-0.1
0.1
0.9
---------------------------------------------
60.746063070769
-0.1
0.1
1.1
---------------------------------------------
60.8838568143723
-0.1
0.1
0.9
---------------------------------------------
61.5963843364033
-0.1
0
0.2
---------------------------------------------
61.5963843364033
-0.1
0
0.2
---------------------------------------------
61.7002831458685
0
0
0.1
---------------------------------------------
61.6763042161309
0
0
0
---------------------------------------------
61.6763042161309
0
0
0
---------------------------------------------
61.8430114075123
-0.1
0.2
-0.2
---------------------------------------------
62.1602382429517
0
0.1
-0.4
---------------------------------------------
62.1602382429517
0
0.1
-0.4
---------------------------------------------
62.2010445103564
0
0.1
-0.6
---------------------------------------------
62.2010445103564
0
0.1
-0.6
---------------------------------------------
61.6472458075292
0
-0.1
0.4
---------------------------------------------
61.4784190273352
-0.1
0.1
0.4
---------------------------------------------
61.4784190273352
-0.1
0.1
0.4
---------------------------------------------
62.5379037160601
0
-0.1
-0.5
---------------------------------------------
62.5379037160601
0
-0.1
-0.5
---------------------------------------------
62.633310648018
0.1
0
-0.9
---------------------------------------------
62.5225023415019
0
0.2
-0.6
---------------------------------------------
62.0768198383045
-0.1
0.4
-0.9
---------------------------------------------
62.0768198383045
-0.1
0.4
-0.9
---------------------------------------------
61.8385695614437
-0.1
0.6
-0.6
---------------------------------------------
61.8385695614437
-0.1
0.6
-0.6
---------------------------------------------
63.3608549734616
0
0.5
-1.8
---------------------------------------------
66.5605032833029
0.3
-0.1
-4.7
---------------------------------------------
66.5605032833029
0.3
-0.1
-4.7
---------------------------------------------
69.0289227591489
0.5
-0.4
-7.6
---------------------------------------------
69.0289227591489
0.5
-0.4
-7.6
---------------------------------------------
70.043516532358
0.5
-0.6
-8.9
---------------------------------------------
70.043516532358
0.5
-0.6
-8.9
---------------------------------------------
69.6166830257765
0.5
-0.6
-8.5
---------------------------------------------
70.3317081045668
0.5
-0.7
-9.4
---------------------------------------------
70.3317081045668
0.5
-0.7
-9.4
---------------------------------------------
70.1983222291634
0.6
-0.7
-9.1
---------------------------------------------
70.1983222291634
0.6
-0.7
-9.1
---------------------------------------------
69.8376967523318
0.5
-0.6
-8.7
---------------------------------------------
69.8376967523318
0.5
-0.6
-8.7
---------------------------------------------
70.4433950616543
0.5
-0.8
-8.7
---------------------------------------------
67.7120766304088
0.5
0.2
-5.2
---------------------------------------------
67.7120766304088
0.5
0.2
-5.2
---------------------------------------------
65.5900334775171
0.3
0.6
-3
---------------------------------------------
65.5900334775171
0.3
0.6
-3
---------------------------------------------
64.2101557359018
0.2
0.7
-1.7
---------------------------------------------
64.2101557359018
0.2
0.7
-1.7
---------------------------------------------
64.2482775132782
0.2
0.7
-2.1
---------------------------------------------
64.6324955034597
0.2
0.6
-2.9
---------------------------------------------
64.6324955034597
0.2
0.6
-2.9
---------------------------------------------
64.8925910546698
0.2
0.6
-3.1
---------------------------------------------
65.1926556610999
0.2
0.6
-3.4
---------------------------------------------
65.1926556610999
0.2
0.6
-3.4
---------------------------------------------
66.9336946947782
0.3
0.2
-5.5
---------------------------------------------
67.1847880542756
0.3
-0.1
-5.8
---------------------------------------------
67.3805578120074
0.3
-0.3
-6.3
---------------------------------------------
67.3805578120074
0.3
-0.3
-6.3
---------------------------------------------
67.1685428773823
0.3
-0.3
-6.1
---------------------------------------------
67.1685428773823
0.3
-0.3
-6.1
---------------------------------------------
65.4022339091784
0.2
-0.2
-3.9
---------------------------------------------
65.7313370598614
0.2
-0.2
-3.8
---------------------------------------------
65.7313370598614
0.2
-0.2
-3.8
---------------------------------------------
65.3764944399882
0.1
-0.2
-3.1
---------------------------------------------
65.3764944399882
0.1
-0.2
-3.1
---------------------------------------------
64.350563616229
0.1
0
-2.1
---------------------------------------------
64.2630157558582
0.1
0
-2
---------------------------------------------
64.1577148613703
0.1
-0.1
-1.9
---------------------------------------------
64.1577148613703
0.1
-0.1
-1.9
---------------------------------------------
64.3432429301544
0.1
0
-2
---------------------------------------------
64.3432429301544
0.1
0
-2
---------------------------------------------
63.3787139564791
0
0.1
-1.5
---------------------------------------------
63.3787139564791
0
0.1
-1.5
---------------------------------------------
62.2242862356281
0.1
0.1
-0.3
---------------------------------------------
62.2242862356281
0.1
0.1
-0.3
---------------------------------------------
61.1091471182304
-0.1
0.4
1.1
---------------------------------------------
61.2668207583306
-0.1
0.4
0.9
---------------------------------------------
63.1476765486126
0.1
-0.1
-1.2
---------------------------------------------
63.1476765486126
0.1
-0.1
-1.2
---------------------------------------------
63.6346555806988
0.1
0
-2
---------------------------------------------
63.6346555806988
0.1
0
-2
---------------------------------------------
62.708114252351
0.1
0.4
-1.3
---------------------------------------------
62.708114252351
0.1
0.4
-1.3
---------------------------------------------
60.2034597986329
-0.2
0.5
1.6
---------------------------------------------
60.2034597986329
-0.2
0.5
1.6
---------------------------------------------
60.9964921516407
-0.1
0.4
1.2
---------------------------------------------
60.9964921516407
-0.1
0.4
1.2
---------------------------------------------
61.3738119642912
-0.1
0.4
0.8
---------------------------------------------
61.4678252759122
-0.1
0.3
0.4
---------------------------------------------
61.4678252759122
-0.1
0.3
0.4
---------------------------------------------
61.6425073791955
0
0.2
0.4
---------------------------------------------
61.6726158134326
0
0.1
0.3
---------------------------------------------
61.6726158134326
0
0.1
0.3
---------------------------------------------
61.7930305401446
-0.1
0.3
0.1
---------------------------------------------
61.8069809585836
-0.1
0.3
0.2
---------------------------------------------
61.4640910757465
-0.1
0.5
0.8
---------------------------------------------
61.4640910757465
-0.1
0.5
0.8
---------------------------------------------
61.9179217704274
-0.1
0.4
0.2
---------------------------------------------
61.9179217704274
-0.1
0.4
0.2
---------------------------------------------
62.3590536839747
-0.1
0.1
-0.2
---------------------------------------------
62.2684062524059
0.1
0
-0.6
---------------------------------------------
62.2684062524059
0.1
0
-0.6
---------------------------------------------
62.2005326176723
0
0.1
-0.4
---------------------------------------------
62.2980706202794
0
0.2
-0.4
---------------------------------------------
62.4895500564015
-0.1
0.1
-0.6
---------------------------------------------
62.5193725672611
0
0.1
-0.7
---------------------------------------------
62.5193725672611
0
0.1
-0.7
---------------------------------------------
62.4982100133142
-0.1
0
-0.7
---------------------------------------------
62.4734586674994
-0.1
0.1
-0.6
---------------------------------------------
62.4734586674994
-0.1
0.1
-0.6
---------------------------------------------
62.4202766878026
-0.1
0.1
-0.6
---------------------------------------------
62.5744960357382
0
0.1
-0.5
---------------------------------------------
62.5175160136346
0
0.3
-0.5
---------------------------------------------
62.5175160136346
0
0.3
-0.5
---------------------------------------------
63.2538059432693
0.1
0.1
-1.4
---------------------------------------------
63.2538059432693
0.1
0.1
-1.4
---------------------------------------------
63.2875661348231
0.1
0.1
-1.4
---------------------------------------------
63.2423322923559
0.1
0.3
-0.7
---------------------------------------------
63.2423322923559
0.1
0.3
-0.7
---------------------------------------------
66.3229899280845
0.4
0.1
-4.1
---------------------------------------------
66.3229899280845
0.4
0.1
-4.1
---------------------------------------------
67.9207301563841
0.4
-0.1
-5.8
---------------------------------------------
60.8247159481448
-0.2
0.4
1.4
---------------------------------------------
60.8247159481448
-0.2
0.4
1.4
---------------------------------------------
62.4137113514027
-0.1
0
-0.2
---------------------------------------------
62.4137113514027
-0.1
0
-0.2
---------------------------------------------
62.4128587038459
-0.1
0.1
-0.1
---------------------------------------------
61.5674226065188
-0.1
0.2
0.7
---------------------------------------------
61.5674226065188
-0.1
0.2
0.7
---------------------------------------------
61.0769605476282
-0.1
0.4
0.7
---------------------------------------------
60.937439265751
-0.1
0.5
1.2
---------------------------------------------
60.937439265751
-0.1
0.5
1.2
---------------------------------------------
62.3039631898811
0
0.2
0.2
---------------------------------------------
62.3039631898811
0
0.2
0.2
---------------------------------------------
63.3092237508638
0.1
-0.2
-0.6
---------------------------------------------
63.3147095778432
0.1
-0.3
-0.7
---------------------------------------------
63.3147095778432
0.1
-0.3
-0.7
---------------------------------------------
63.1847546139517
0.1
-0.4
-0.7
---------------------------------------------
63.1847546139517
0.1
-0.4
-0.7
---------------------------------------------
63.3565226132551
0
-0.2
-0.5
---------------------------------------------
63.3565226132551
0
-0.2
-0.5
---------------------------------------------
63.7995202962359
0.1
-0.2
-0.8
---------------------------------------------
63.7995202962359
0.1
-0.2
-0.8
---------------------------------------------
59.8473016968761
-0.2
0.3
2.5
---------------------------------------------
59.8473016968761
-0.2
0.3
2.5
---------------------------------------------
60.4633327066665
-0.1
0.1
1.4
---------------------------------------------
60.4633327066665
-0.1
0.1
1.4
---------------------------------------------
62.0157441789492
-0.1
0
-0.9
---------------------------------------------
62.0157441789492
-0.1
0
-0.9
---------------------------------------------
66.8440854437005
0.2
-0.4
-5.4
---------------------------------------------
66.8440854437005
0.2
-0.4
-5.4
---------------------------------------------
68.6874461605403
0.3
-0.5
-7.2
---------------------------------------------
68.6874461605403
0.3
-0.5
-7.2
---------------------------------------------
68.6730529907214
0.3
-0.5
-7.3
---------------------------------------------
68.9410638436303
0.3
-0.6
-7.6
---------------------------------------------
68.9410638436303
0.3
-0.6
-7.6
---------------------------------------------
69.1150402177705
0.3
-0.6
-7.6
---------------------------------------------
69.1150402177705
0.3
-0.6
-7.6
---------------------------------------------
69.4624293610247
0.4
-0.7
-8.2
---------------------------------------------
69.4366516070608
0.4
-0.6
-8
---------------------------------------------
69.4366516070608
0.4
-0.6
-8
---------------------------------------------
69.3823440171037
0.4
-0.7
-7.9
---------------------------------------------
69.3823440171037
0.4
-0.7
-7.9
---------------------------------------------
67.9107988901319
0.3
-0.2
-5.7
---------------------------------------------
67.9107988901319
0.3
-0.2
-5.7
---------------------------------------------
64.2550002912686
0.2
0.5
-1.5
---------------------------------------------
63.7667463150316
0.1
0.6
-1.2
---------------------------------------------
63.8180721331795
0.1
0.7
-1.1
---------------------------------------------
63.8180721331795
0.1
0.7
-1.1
---------------------------------------------
63.9070733350545
0.2
0.8
-1.1
---------------------------------------------
63.8202083552303
0.1
0.7
-1.2
---------------------------------------------
63.8202083552303
0.1
0.7
-1.2
---------------------------------------------
69.6033190384632
0.6
-0.3
-7.2
---------------------------------------------
69.6033190384632
0.6
-0.3
-7.2
---------------------------------------------
67.3432890543356
0.2
-0.3
-5.7
---------------------------------------------
67.3432890543356
0.2
-0.3
-5.7
---------------------------------------------
64.8503641184521
0.1
-0.1
-2.1
---------------------------------------------
64.8503641184521
0.1
-0.1
-2.1
---------------------------------------------
64.7324624114378
0.1
0
-2.2
---------------------------------------------
64.6407930801099
0.1
-0.1
-2.3
---------------------------------------------
64.6407930801099
0.1
-0.1
-2.3
---------------------------------------------
64.8197018806313
0.1
0
-2.2
---------------------------------------------
64.8197018806313
0.1
0
-2.2
---------------------------------------------
64.6897609740529
0.1
-0.1
-2.3
---------------------------------------------
64.8686235785787
0.1
-0.1
-2.5
---------------------------------------------
65.0620843675403
0.1
-0.1
-2.7
---------------------------------------------
65.0620843675403
0.1
-0.1
-2.7
---------------------------------------------
64.8077878069364
0.1
0
-2.9
---------------------------------------------
64.8077878069364
0.1
0
-2.9
---------------------------------------------
64.7780933228251
0.1
0
-3
---------------------------------------------
64.4583837245095
0.1
-0.1
-2.9
---------------------------------------------
64.4583837245095
0.1
-0.1
-2.9
---------------------------------------------
63.7197989119046
0
0
-2.5
---------------------------------------------
63.7197989119046
0
0
-2.5
---------------------------------------------
63.6167110387164
0.1
-0.1
-2.1
---------------------------------------------
63.6167110387164
0.1
-0.1
-2.1
---------------------------------------------
63.8369149233765
0.1
0.1
-2.3
---------------------------------------------
63.9171037511347
0.1
0.1
-2.3
---------------------------------------------
63.9171037511347
0.1
0.1
-2.3
---------------------------------------------
63.7207637348103
0.1
0.2
-2.3
---------------------------------------------
63.7207637348103
0.1
0.2
-2.3
---------------------------------------------
63.1686147914021
0.1
0.1
-1.5
---------------------------------------------
63.1686147914021
0.1
0.1
-1.5
---------------------------------------------
62.8347126393533
-0.1
0.3
-1
---------------------------------------------
62.8347126393533
-0.1
0.3
-1
---------------------------------------------
65.120485335985
0.2
0.2
-3.3
---------------------------------------------
65.120485335985
0.2
0.2
-3.3
---------------------------------------------
67.6889252558559
0.3
-0.3
-6.2
---------------------------------------------
67.6889252558559
0.3
-0.3
-6.2
---------------------------------------------
67.9688164057917
0.3
-0.3
-6.4
---------------------------------------------
66.8391544449184
0.2
-0.1
-5.1
---------------------------------------------
62.9004456346797
0
0
-0.6
---------------------------------------------
62.9004456346797
0
0
-0.6
---------------------------------------------
60.7584475988527
-0.1
0.3
1.9
---------------------------------------------
60.7584475988527
-0.1
0.3
1.9
---------------------------------------------
60.3403306605732
-0.1
0.4
2.4
---------------------------------------------
61.1122245300189
-0.1
0.3
1.3
---------------------------------------------
61.1122245300189
-0.1
0.3
1.3
---------------------------------------------
63.1124713522366
0.1
0.1
-2.2
---------------------------------------------
63.1124713522366
0.1
0.1
-2.2
---------------------------------------------
68.3003914622783
0.3
-0.5
-7.1
---------------------------------------------
68.3003914622783
0.3
-0.5
-7.1
---------------------------------------------
67.6256074259455
0.3
-0.3
-6.5
---------------------------------------------
67.6256074259455
0.3
-0.3
-6.5
---------------------------------------------
67.3924251419698
0.3
-0.2
-6.2
---------------------------------------------
67.3924251419698
0.3
-0.2
-6.2
---------------------------------------------
66.9563272866359
0.2
-0.1
-5.8
---------------------------------------------
66.6488873649776
0.2
0
-5.6
---------------------------------------------
66.4879075494445
0.2
0
-5.3
---------------------------------------------
66.3954571989134
0.2
0.1
-5.2
---------------------------------------------
66.0043602903703
0.2
0.2
-4.4
---------------------------------------------
66.0043602903703
0.2
0.2
-4.4
---------------------------------------------
66.0036129499534
0.2
0.2
-4.2
---------------------------------------------
66.0036129499534
0.2
0.2
-4.2
---------------------------------------------
67.1758152869275
0.3
-0.1
-5.5
---------------------------------------------
68.4421438864692
0.4
-0.4
-7
---------------------------------------------
68.4421438864692
0.4
-0.4
-7
---------------------------------------------
68.9060867080061
0.5
-0.3
-7.3
---------------------------------------------
68.9060867080061
0.5
-0.3
-7.3
---------------------------------------------
62.4043063916281
-0.1
0.3
0
---------------------------------------------
62.4043063916281
-0.1
0.3
0
---------------------------------------------
63.5171604415788
0.1
-0.2
-1.1
---------------------------------------------
63.5171604415788
0.1
-0.2
-1.1
---------------------------------------------
63.818190298065
0.1
0.4
-1.6
---------------------------------------------
63.818190298065
0.1
0.4
-1.6
---------------------------------------------
67.647813552564
0.3
-0.1
-6.1
---------------------------------------------
67.647813552564
0.3
-0.1
-6.1
---------------------------------------------
69.0995831034441
0.4
-0.6
-7.7
---------------------------------------------
69.0995831034441
0.4
-0.6
-7.7
---------------------------------------------
70.092433478616
0.5
-0.7
-8.8
---------------------------------------------
70.7603525353084
0.5
-0.8
-9.2
---------------------------------------------
70.7603525353084
0.5
-0.8
-9.2
---------------------------------------------
71.2912703355965
0.6
-0.8
-9.7
---------------------------------------------
71.2912703355965
0.6
-0.8
-9.7
---------------------------------------------
69.163655369684
0.5
-0.4
-7.2
---------------------------------------------
69.163655369684
0.5
-0.4
-7.2
---------------------------------------------
69.0650500737493
0.5
-0.2
-7.2
---------------------------------------------
68.9643983466304
0.5
-0.2
-7.1
---------------------------------------------
68.9977472767938
0.5
-0.3
-7.2
---------------------------------------------
68.9977472767938
0.5
-0.3
-7.2
---------------------------------------------
68.3280317433404
0.5
-0.3
-6.4
---------------------------------------------
68.3280317433404
0.5
-0.3
-6.4
---------------------------------------------
68.0900740610804
0.5
-0.2
-6.4
---------------------------------------------
68.0642684598448
0.4
-0.2
-6.3
---------------------------------------------
68.0642684598448
0.4
-0.2
-6.3
---------------------------------------------
67.7529023113537
0.4
-0.2
-5.9
---------------------------------------------
67.7529023113537
0.4
-0.2
-5.9
---------------------------------------------
67.2137188652136
0.3
-0.2
-5.4
---------------------------------------------
68.2597697030176
0.3
-0.4
-6.7
---------------------------------------------
68.2597697030176
0.3
-0.4
-6.7
---------------------------------------------
67.800643976893
0.2
-0.4
-6.7
---------------------------------------------
67.800643976893
0.2
-0.4
-6.7
---------------------------------------------
67.482086577887
0.2
-0.3
-6.3
---------------------------------------------
67.482086577887
0.2
-0.3
-6.3
---------------------------------------------
67.2808340013806
0.2
-0.5
-6.2
---------------------------------------------
64.1124713871662
0.1
-0.3
-2.5
---------------------------------------------
64.1124713871662
0.1
-0.3
-2.5
---------------------------------------------
63.4726962587584
0
-0.3
-2.2
---------------------------------------------
63.4726962587584
0
-0.3
-2.2
---------------------------------------------
63.3737991857585
0
0.2
-2.4
---------------------------------------------
63.3737991857585
0
0.2
-2.4
---------------------------------------------
62.9381679069177
0
0.2
-1.8
---------------------------------------------
64.3166297536014
0.1
0
-2.9
---------------------------------------------
64.3166297536014
0.1
0
-2.9
---------------------------------------------
66.0605655816843
0.2
-0.3
-4.3
---------------------------------------------
66.6093797026903
0.2
-0.6
-4.7
---------------------------------------------
66.6093797026903
0.2
-0.6
-4.7
---------------------------------------------
63.8140467257403
0
-0.8
-1.9
---------------------------------------------
61.9213565502093
0
-0.8
0.2
---------------------------------------------
61.9213565502093
0
-0.8
0.2
---------------------------------------------
63.4711667512148
0
-2.1
0.4
---------------------------------------------
63.4711667512148
0
-2.1
0.4
---------------------------------------------
68.6380567358781
0.2
-3.6
-2.8
---------------------------------------------
68.6380567358781
0.2
-3.6
-2.8
---------------------------------------------
68.2260364070899
0.3
-3.5
-2.6
---------------------------------------------
68.2260364070899
0.3
-3.5
-2.6
---------------------------------------------
67.5516847286005
0.2
-3
-1.4
---------------------------------------------
67.5516847286005
0.2
-3
-1.4
---------------------------------------------
66.5061567834166
0.2
-2.5
-0.6
---------------------------------------------
63.4907279897078
0.1
-1.7
2.3
---------------------------------------------
63.4907279897078
0.1
-1.7
2.3
---------------------------------------------
62.5359134214728
0
-1.6
2.9
---------------------------------------------
62.5359134214728
0
-1.6
2.9
---------------------------------------------
62.2431090632053
0.1
-1.7
3
---------------------------------------------
62.1526326906806
0
-1.7
2.9
---------------------------------------------
62.1526326906806
0
-1.7
2.9
---------------------------------------------
62.0225854096541
-0.1
-1.8
3.3
---------------------------------------------
62.0225854096541
-0.1
-1.8
3.3
---------------------------------------------
62.2087739494118
0
-1.6
3
---------------------------------------------
60.4912368976496
-0.1
-2.2
4.1
---------------------------------------------
60.4912368976496
-0.1
-2.2
4.1
---------------------------------------------
61.3651776845938
0
-2.5
3.8
---------------------------------------------
61.6043763971426
0
-2.3
4.1
---------------------------------------------
61.6043763971426
0
-2.3
4.1
---------------------------------------------
61.3453361096661
0
-2.5
4.2
---------------------------------------------
61.3453361096661
0
-2.5
4.2
---------------------------------------------
60.5920397566401
-0.1
-2.5
5
---------------------------------------------
60.5920397566401
-0.1
-2.5
5
---------------------------------------------
64.2920703705094
0.1
-3.2
2.9
---------------------------------------------
64.2920703705094
0.1
-3.2
2.9
---------------------------------------------
64.141066929238
0.1
-3.2
3
---------------------------------------------
64.2612801466694
0.1
-3.2
3
---------------------------------------------
64.2612801466694
0.1
-3.2
3
---------------------------------------------
62.8485349075039
-0.1
-3.2
3.7
---------------------------------------------
62.8485349075039
-0.1
-3.2
3.7
---------------------------------------------
63.1011521952158
0.1
-3.3
3.1
---------------------------------------------
58.6005572810271
-0.1
-3.7
7.1
---------------------------------------------
63.7782720095106
0
-4.5
3.7
---------------------------------------------
63.7782720095106
0
-4.5
3.7
---------------------------------------------
67.8430465673598
0.3
-4.8
-0.1
---------------------------------------------
67.8430465673598
0.3
-4.8
-0.1
---------------------------------------------
67.8842267190141
0.3
-4.8
-0.1
---------------------------------------------
67.8842267190141
0.3
-4.8
-0.1
---------------------------------------------
68.2669958760251
0.3
-4.9
-0.6
---------------------------------------------
68.2669958760251
0.3
-4.9
-0.6
---------------------------------------------
67.7340625876137
0.3
-5
0.2
---------------------------------------------
66.0077242510277
0.2
-4.9
1.7
---------------------------------------------
66.0077242510277
0.2
-4.9
1.7
---------------------------------------------
65.6484254268963
0.1
-4.8
2
---------------------------------------------
65.6484254268963
0.1
-4.8
2
---------------------------------------------
65.8032748338498
0.1
-4.8
1.6
---------------------------------------------
65.8032748338498
0.1
-4.8
1.6
---------------------------------------------
65.2011392439857
0.1
-4.8
1.6
---------------------------------------------
64.9616023569251
0.1
-4.7
1.7
---------------------------------------------
64.6025357630834
0.1
-4.7
1.8
---------------------------------------------
64.6025357630834
0.1
-4.7
1.8
---------------------------------------------
64.3058002907499
0.1
-4.6
2.4
---------------------------------------------
64.3058002907499
0.1
-4.6
2.4
---------------------------------------------
64.6257723004467
0.1
-4.6
2.3
---------------------------------------------
64.6257723004467
0.1
-4.6
2.3
---------------------------------------------
63.9202114773274
0.1
-4.5
3.3
---------------------------------------------
63.9202114773274
0.1
-4.5
3.3
---------------------------------------------
63.2699440791524
0
-4.3
4
---------------------------------------------
63.2699440791524
0
-4.3
4
---------------------------------------------
62.5977011762704
0
-4.4
4.6
---------------------------------------------
62.5977011762704
0
-4.4
4.6
---------------------------------------------
62.8703354723681
-0.1
-4.4
4.5
---------------------------------------------
62.7239966608959
0.1
-4.4
4.1
---------------------------------------------
62.9944685350341
0.1
-4.5
4.3
---------------------------------------------
62.9944685350341
0.1
-4.5
4.3
---------------------------------------------
62.4964101895349
-0.1
-4.6
4.5
---------------------------------------------
62.4964101895349
-0.1
-4.6
4.5
---------------------------------------------
62.3721097980654
-0.1
-4.6
4.9
---------------------------------------------
62.3721097980654
-0.1
-4.6
4.9
---------------------------------------------
62.7348043582747
0.1
-5.3
4.3
---------------------------------------------
62.4664227488822
-0.1
-5.1
4.8
---------------------------------------------
62.4664227488822
-0.1
-5.1
4.8
---------------------------------------------
62.5975190546408
0
-5.3
4.7
---------------------------------------------
62.5975190546408
0
-5.3
4.7
---------------------------------------------
62.4947144061767
-0.1
-5.2
4.8
---------------------------------------------
62.8582672520713
-0.1
-5.2
4.8
---------------------------------------------
62.8582672520713
-0.1
-5.2
4.8
---------------------------------------------
63.0174753690947
0.1
-4.9
4.5
---------------------------------------------
63.0174753690947
0.1
-4.9
4.5
---------------------------------------------
63.3871923958606
0
-4.6
3.7
---------------------------------------------
63.6336724234843
0.1
-4.8
3.7
---------------------------------------------
63.6336724234843
0.1
-4.8
3.7
---------------------------------------------
64.1616939334026
0.1
-4.8
3.2
---------------------------------------------
64.1616939334026
0.1
-4.8
3.2
---------------------------------------------
64.055725728719
0.1
-4.7
3.2
---------------------------------------------
64.0583036422347
0.1
-4.7
3.1
---------------------------------------------
64.0583036422347
0.1
-4.7
3.1
---------------------------------------------
63.9998324374389
0.1
-4.8
3.1
---------------------------------------------
64.1832414576389
0.1
-4.8
3.1
---------------------------------------------
64.1832414576389
0.1
-4.8
3.1
---------------------------------------------
64.1652008277082
0.1
-4.7
3.1
---------------------------------------------
64.1652008277082
0.1
-4.7
3.1
---------------------------------------------
64.1941017187413
0.1
-4.8
3.1
---------------------------------------------
64.4591410576087
0.1
-4.8
2.8
---------------------------------------------
64.4591410576087
0.1
-4.8
2.8
---------------------------------------------
64.3517713533579
0.1
-4.8
2.8
---------------------------------------------
64.3517713533579
0.1
-4.8
2.8
---------------------------------------------
64.2478615088909
0.1
-4.9
3
---------------------------------------------
64.1699419149396
0.1
-4.7
3.1
---------------------------------------------
64.1699419149396
0.1
-4.7
3.1
---------------------------------------------
64.2030637228972
0.1
-4.9
3.2
---------------------------------------------
64.2030637228972
0.1
-4.9
3.2
---------------------------------------------
63.9851300141302
0.1
-4.6
3.1
---------------------------------------------
62.9088129344354
0
-4.3
4.2
---------------------------------------------
62.9088129344354
0
-4.3
4.2
---------------------------------------------
62.1606616181063
0
-4.4
4.4
---------------------------------------------
61.8094822662701
0
-4.3
4.6
---------------------------------------------
61.9965060116783
0
-4.3
4.8
---------------------------------------------
61.9421117188352
-0.1
-4.1
4.9
---------------------------------------------
61.9421117188352
-0.1
-4.1
4.9
---------------------------------------------
61.6335513200811
0
-4.3
5
---------------------------------------------
61.4801828623857
-0.1
-4.4
5.1
---------------------------------------------
61.4801828623857
-0.1
-4.4
5.1
---------------------------------------------
61.5288006169544
-0.1
-4.4
5.2
---------------------------------------------
61.5027658875559
-0.1
-4.6
5.3
---------------------------------------------
61.5027658875559
-0.1
-4.6
5.3
---------------------------------------------
61.6497941730449
0
-4.7
5.4
---------------------------------------------
61.8155637258474
0
-4.9
4.9
---------------------------------------------
61.8155637258474
0
-4.9
4.9
---------------------------------------------
61.3902358498823
0
-4.9
5.4
---------------------------------------------
61.4269330961659
0
-4.7
5.1
---------------------------------------------
61.4269330961659
0
-4.7
5.1
---------------------------------------------
61.4528775079629
0
-4.7
5.1
---------------------------------------------
62.2685818739741
0.1
-4.9
4.7
---------------------------------------------
62.2685818739741
0.1
-4.9
4.7
---------------------------------------------
63.9843426623388
0.1
-5.4
3.7
---------------------------------------------
62.7001125148874
0.2
-4.6
5.2
---------------------------------------------
62.7001125148874
0.2
-4.6
5.2
---------------------------------------------
66.5518256054622
0.5
-4
2.4
---------------------------------------------
63.5164057645428
0.1
-3.3
4.4
---------------------------------------------
63.5164057645428
0.1
-3.3
4.4
---------------------------------------------
61.6356253281243
-0.1
-2.8
5
---------------------------------------------
59.6288708571858
-0.3
-2.4
6
---------------------------------------------
59.6288708571858
-0.3
-2.4
6
---------------------------------------------
60.0392499395564
-0.3
-2.3
5.6
---------------------------------------------
61.9644603737864
-0.1
-3.3
4.6
---------------------------------------------
61.9644603737864
-0.1
-3.3
4.6
---------------------------------------------
62.3503043149889
0
-3.1
4.6
---------------------------------------------
62.3503043149889
0
-3.1
4.6
---------------------------------------------
62.9371530379926
0
-3.5
4.1
---------------------------------------------
63.479401115627
0
-3.6
3.3
---------------------------------------------
63.479401115627
0
-3.6
3.3
---------------------------------------------
63.9496566756624
0.1
-3.4
3.3
---------------------------------------------
63.9496566756624
0.1
-3.4
3.3
---------------------------------------------
63.6906349559867
0.1
-3.4
3.2
---------------------------------------------
63.8491697462952
0.1
-3.4
3.2
---------------------------------------------
63.8491697462952
0.1
-3.4
3.2
---------------------------------------------
63.7825028644543
0.1
-3.4
3.1
---------------------------------------------
63.7825028644543
0.1
-3.4
3.1
---------------------------------------------
64.2922901623386
0.1
-3.4
2.9
---------------------------------------------
64.6388109926894
0.1
-3.6
2.4
---------------------------------------------
64.6388109926894
0.1
-3.6
2.4
---------------------------------------------
64.7661660139273
0.1
-3.7
2.2
---------------------------------------------
64.7661660139273
0.1
-3.7
2.2
---------------------------------------------
65.1654409061616
0.1
-4.1
1.6
---------------------------------------------
65.1654409061616
0.1
-4.1
1.6
---------------------------------------------
66.534424661016
0.3
-5.6
2.6
---------------------------------------------
66.534424661016
0.3
-5.6
2.6
---------------------------------------------
69.1032240641427
0.5
-5.8
-0.3
---------------------------------------------
69.1032240641427
0.5
-5.8
-0.3
---------------------------------------------
69.1431791904024
0.5
-5.9
-0.3
---------------------------------------------
69.537628284445
0.6
-5.9
-0.7
---------------------------------------------
70.1118686973293
0.7
-6
-1.4
---------------------------------------------
71.2326660096632
0.9
-6.2
-2.9
---------------------------------------------
71.2326660096632
0.9
-6.2
-2.9
---------------------------------------------
71.805749308786
1
-6.3
-3.7
---------------------------------------------
72.4886166942267
1.1
-6.3
-4.6
---------------------------------------------
72.4886166942267
1.1
-6.3
-4.6
---------------------------------------------
74.389662800683
1.7
-6.5
-7.3
---------------------------------------------
73.6632227052139
1.5
-6
-6.8
---------------------------------------------
73.6632227052139
1.5
-6
-6.8
---------------------------------------------
73.1908291165424
1.4
-5.7
-6.4
---------------------------------------------
72.4895373026492
1.3
-5.2
-5.8
---------------------------------------------
72.4895373026492
1.3
-5.2
-5.8
---------------------------------------------
72.5968299852878
1.5
-5.1
-6.6
---------------------------------------------
72.5968299852878
1.5
-5.1
-6.6
---------------------------------------------
72.3169743668937
1.4
-4.9
-6.5
---------------------------------------------
70.6936912222812
1
-4.4
-4.1
---------------------------------------------
70.2562908525898
1
-4.4
-3.7
---------------------------------------------
70.2562908525898
1
-4.4
-3.7
---------------------------------------------
70.6494608082736
1
-4.4
-4
---------------------------------------------
62.4024145629789
-0.1
-4.5
4.7
---------------------------------------------
62.4024145629789
-0.1
-4.5
4.7
---------------------------------------------
63.1164468554126
0.1
-4.8
4.1
---------------------------------------------
63.1164468554126
0.1
-4.8
4.1
---------------------------------------------
67.9564863238192
0.2
-6.1
1
---------------------------------------------
67.9564863238192
0.2
-6.1
1
---------------------------------------------
68.510222627866
0.3
-6.3
0.6
---------------------------------------------
68.9567264730994
0.3
-6.4
0.2
---------------------------------------------
68.9567264730994
0.3
-6.4
0.2
---------------------------------------------
68.8250719526541
0.3
-6.3
0.4
---------------------------------------------
68.9473060161195
0.3
-6.4
0.2
---------------------------------------------
68.9473060161195
0.3
-6.4
0.2
---------------------------------------------
70.2116287971573
0.4
-6.9
-0.8
---------------------------------------------
70.2116287971573
0.4
-6.9
-0.8
---------------------------------------------
70.1856839158029
0.4
-7
-0.6
---------------------------------------------
69.883092021719
0.4
-6.8
-0.1
---------------------------------------------
69.883092021719
0.4
-6.8
-0.1
---------------------------------------------
70.0922117448491
0.4
-7.1
-0.4
---------------------------------------------
70.0922117448491
0.4
-7.1
-0.4
---------------------------------------------
69.9765514440705
0.5
-7
-0.3
---------------------------------------------
69.880330598516
0.5
-7
-0.3
---------------------------------------------
69.880330598516
0.5
-7
-0.3
---------------------------------------------
69.8785153379347
0.5
-6.9
-0.2
---------------------------------------------
69.4600785214363
0.5
-6.9
0.1
---------------------------------------------
69.4600785214363
0.5
-6.9
0.1
---------------------------------------------
68.9621730984199
0.4
-6.7
0.5
---------------------------------------------
69.0792524208252
0.4
-6.7
0.4
---------------------------------------------
69.0792524208252
0.4
-6.7
0.4
---------------------------------------------
69.0916335999936
0.4
-6.8
0.4
---------------------------------------------
69.0916335999936
0.4
-6.8
0.4
---------------------------------------------
69.4117313345759
0.4
-6.7
0.2
---------------------------------------------
68.9235099735632
0.4
-6.7
0.5
---------------------------------------------
68.9235099735632
0.4
-6.7
0.5
---------------------------------------------
68.8907686684853
0.4
-6.7
0.4
---------------------------------------------
69.1247831867228
0.4
-6.7
0.4
---------------------------------------------
69.2149779469745
0.4
-6.7
0.3
---------------------------------------------
69.2149779469745
0.4
-6.7
0.3
---------------------------------------------
69.3007800233894
0.4
-6.6
0.3
---------------------------------------------
69.1586231923151
0.4
-6.7
0.3
---------------------------------------------
69.2642922231793
0.4
-6.6
0.3
---------------------------------------------
69.3889549162779
0.4
-6.7
0.2
---------------------------------------------
69.3889549162779
0.4
-6.7
0.2
---------------------------------------------
68.5701272448464
0.4
-6
1.7
---------------------------------------------
68.5701272448464
0.4
-6
1.7
---------------------------------------------
67.583542598535
0.3
-5.4
2.7
---------------------------------------------
66.013740235931
0.2
-4.7
3.9
---------------------------------------------
66.013740235931
0.2
-4.7
3.9
---------------------------------------------
64.2922421914484
0.1
-4.5
4.8
---------------------------------------------
64.2922421914484
0.1
-4.5
4.8
---------------------------------------------
66.3887384499462
0.2
-5.1
3.2
---------------------------------------------
66.3082075082464
0.2
-5.4
2.6
---------------------------------------------
66.3750836815256
0.2
-5.4
2.7
---------------------------------------------
66.3750836815256
0.2
-5.4
2.7
---------------------------------------------
66.822611593046
0.2
-5.3
2.7
---------------------------------------------
66.822611593046
0.2
-5.3
2.7
---------------------------------------------
62.8304181635091
-0.1
-3.9
7
---------------------------------------------
62.8304181635091
-0.1
-3.9
7
---------------------------------------------
60.0878152117171
-0.2
-3.5
8.4
---------------------------------------------
60.0878152117171
-0.2
-3.5
8.4
---------------------------------------------
59.9937283346418
-0.2
-3.7
7.7
---------------------------------------------
61.1303468094894
-0.1
-3.7
6.8
---------------------------------------------
61.1303468094894
-0.1
-3.7
6.8
---------------------------------------------
61.2405454996072
-0.1
-3.9
6.8
---------------------------------------------
61.2405454996072
-0.1
-3.9
6.8
---------------------------------------------
64.1987282044454
0.1
-4.6
5.1
---------------------------------------------
64.1987282044454
0.1
-4.6
5.1
---------------------------------------------
64.2277746179977
0.1
-4.6
5.1
---------------------------------------------
64.2178810071
0.1
-4.5
5.1
---------------------------------------------
64.2178810071
0.1
-4.5
5.1
---------------------------------------------
64.1642246799479
0.1
-4.6
5.1
---------------------------------------------
65.2822884552135
0.1
-5.1
4.4
---------------------------------------------
65.2822884552135
0.1
-5.1
4.4
---------------------------------------------
65.1865765282826
0.1
-5.2
4.4
---------------------------------------------
65.5693261336987
0.1
-5.3
4
---------------------------------------------
65.5693261336987
0.1
-5.3
4
---------------------------------------------
65.6766063591686
0.2
-5.3
3.8
---------------------------------------------
65.9641571100581
0.2
-5.3
3.8
---------------------------------------------
65.9641571100581
0.2
-5.3
3.8
---------------------------------------------
65.633632905423
0.1
-5.3
4.8
---------------------------------------------
65.633632905423
0.1
-5.3
4.8
---------------------------------------------
71.3265129503424
0.6
-7.3
0.6
---------------------------------------------
71.6627501805858
0.7
-7.6
0.2
---------------------------------------------
71.6627501805858
0.7
-7.6
0.2
---------------------------------------------
71.8027333202115
0.7
-7.6
0.2
---------------------------------------------
71.8027333202115
0.7
-7.6
0.2
---------------------------------------------
64.4727596083264
0.2
-4.4
5.5
---------------------------------------------
69.7392710413647
0.4
-6.4
-0.3
---------------------------------------------
69.7392710413647
0.4
-6.4
-0.3
---------------------------------------------
70.313552432979
0.6
-6.4
-0.8
---------------------------------------------
70.5639362146526
0.7
-6.6
-0.7
---------------------------------------------
70.5639362146526
0.7
-6.6
-0.7
---------------------------------------------
70.6809623692532
0.7
-6.7
-0.8
---------------------------------------------
70.6809623692532
0.7
-6.7
-0.8
---------------------------------------------
70.3863621040891
0.7
-6.7
-0.6
---------------------------------------------
70.4910722495419
0.7
-6.8
-0.7
---------------------------------------------
70.4910722495419
0.7
-6.8
-0.7
---------------------------------------------
70.7764040941994
0.7
-6.7
-0.9
---------------------------------------------
71.1365270551869
0.7
-6.7
-1.3
---------------------------------------------
71.2370094359698
0.7
-6.8
-1.9
---------------------------------------------
71.2370094359698
0.7
-6.8
-1.9
---------------------------------------------
70.5746043637055
0.6
-6.4
-1.6
---------------------------------------------
70.1578669496176
0.6
-6.2
-1.3
---------------------------------------------
70.1578669496176
0.6
-6.2
-1.3
---------------------------------------------
70.8544571509269
0.6
-6.3
-1.9
---------------------------------------------
70.8544571509269
0.6
-6.3
-1.9
---------------------------------------------
70.8085775261987
0.7
-6.3
-1.7
---------------------------------------------
70.9730907595934
0.8
-6.4
-1.8
---------------------------------------------
70.9730907595934
0.8
-6.4
-1.8
---------------------------------------------
71.0835938055043
0.8
-6.5
-2
---------------------------------------------
71.0835938055043
0.8
-6.5
-2
---------------------------------------------
70.9858757626726
0.8
-6.5
-1.9
---------------------------------------------
67.1028361496755
0.3
-5.5
3
---------------------------------------------
67.1028361496755
0.3
-5.5
3
---------------------------------------------
67.0365401555144
0.3
-5.4
3.6
---------------------------------------------
67.1822167382761
0.3
-5.4
3.5
---------------------------------------------
67.1822167382761
0.3
-5.4
3.5
---------------------------------------------
69.1274564890901
0.5
-6.1
0.2
---------------------------------------------
69.1274564890901
0.5
-6.1
0.2
---------------------------------------------
71.0831866945237
0.6
-6.5
-1.8
---------------------------------------------
71.0831866945237
0.6
-6.5
-1.8
---------------------------------------------
66.862217373964
0.4
-5
3.9
---------------------------------------------
66.9567787512989
0.4
-5
3.7
---------------------------------------------
66.9567787512989
0.4
-5
3.7
---------------------------------------------
67.161017645015
0.4
-5
3.5
---------------------------------------------
67.3199582514552
0.4
-5
3.4
---------------------------------------------
67.3199582514552
0.4
-5
3.4
---------------------------------------------
67.9263779266516
0.4
-5.2
2.7
---------------------------------------------
68.1433737223684
0.5
-5.2
2.5
---------------------------------------------
77.7696605105539
1.7
-8.5
-11.2
---------------------------------------------
77.7696605105539
1.7
-8.5
-11.2
---------------------------------------------
80.1035179464049
2.1
-9.6
-16.3
---------------------------------------------
80.1035179464049
2.1
-9.6
-16.3
---------------------------------------------
80.4211606408463
2.2
-10
-17.1
---------------------------------------------
80.953686960621
2.2
-10.2
-17.7
---------------------------------------------
80.953686960621
2.2
-10.2
-17.7
---------------------------------------------
81.1897761977018
2.2
-10.6
-18.1
---------------------------------------------
81.1897761977018
2.2
-10.6
-18.1
---------------------------------------------
81.1784033050241
2.3
-10.9
-17.8
---------------------------------------------
67.6852925666486
0.7
-3.8
2.9
---------------------------------------------
63.8293536914383
0.2
-2.7
5.6
---------------------------------------------
63.8293536914383
0.2
-2.7
5.6
---------------------------------------------
63.6123505192946
0.2
-2.7
5.8
---------------------------------------------
63.6123505192946
0.2
-2.7
5.8
---------------------------------------------
63.7837571985932
0.1
-2.7
5.6
---------------------------------------------
70.6818169209002
0.5
-5.1
-1.2
---------------------------------------------
72.4139008409008
0.7
-5.9
-2.6
---------------------------------------------
72.4139008409008
0.7
-5.9
-2.6
---------------------------------------------
72.5514357503502
0.9
-5.8
-3.1
---------------------------------------------
72.5514357503502
0.9
-5.8
-3.1
---------------------------------------------
70.8254312386408
0.6
-5.2
-1.5
---------------------------------------------
70.8254312386408
0.6
-5.2
-1.5
---------------------------------------------
70.9274598865854
0.6
-5.2
-1.5
---------------------------------------------
70.6699912681558
0.6
-5.2
-1.5
---------------------------------------------
70.6699912681558
0.6
-5.2
-1.5
---------------------------------------------
70.3407038372081
0.6
-5.1
-1.6
---------------------------------------------
70.776657472668
0.6
-4.4
-2
---------------------------------------------
70.6873744534324
0.6
-4.4
-1.8
---------------------------------------------
70.6873744534324
0.6
-4.4
-1.8
---------------------------------------------
69.092335927894
0.4
-4
-0.4
---------------------------------------------
69.092335927894
0.4
-4
-0.4
---------------------------------------------
72.3551561325077
0.7
-3
-8.1
---------------------------------------------
72.3551561325077
0.7
-3
-8.1
---------------------------------------------
63.8450296806901
0.2
0.2
2.4
---------------------------------------------
63.2156596313159
0.1
0.6
2.9
---------------------------------------------
63.2156596313159
0.1
0.6
2.9
---------------------------------------------
62.6307206381542
0.1
0.7
3.2
---------------------------------------------
62.6307206381542
0.1
0.7
3.2
---------------------------------------------
62.0825705563828
-0.1
0.8
3.4
---------------------------------------------
61.9123018293736
-0.1
0.8
3.7
---------------------------------------------
61.9123018293736
-0.1
0.8
3.7
---------------------------------------------
60.8310771898648
-0.2
0.9
4.1
---------------------------------------------
58.6181253272811
-0.4
0.9
5.6
---------------------------------------------
58.6181253272811
-0.4
0.9
5.6
---------------------------------------------
57.8948650840549
-0.5
0.9
6.1
---------------------------------------------
57.0198752085579
-0.5
1.1
6.5
---------------------------------------------
57.0198752085579
-0.5
1.1
6.5
---------------------------------------------
57.0431361500624
-0.5
1.1
6.5
---------------------------------------------
58.1818162574092
-0.5
1
5.7
---------------------------------------------
58.8753173710365
-0.4
1.1
5.4
---------------------------------------------
59.3325166541731
-0.3
1.1
5.1
---------------------------------------------
59.3325166541731
-0.3
1.1
5.1
---------------------------------------------
59.5393843447275
-0.3
1.1
4.9
---------------------------------------------
59.5393843447275
-0.3
1.1
4.9
---------------------------------------------
59.7448391186397
-0.3
1
4.7
---------------------------------------------
59.8553825753156
-0.3
1.1
4.7
---------------------------------------------
59.8553825753156
-0.3
1.1
4.7
---------------------------------------------
60.055875690821
-0.2
0.8
4.5
---------------------------------------------
60.1604803012464
-0.2
0.3
4.2
---------------------------------------------
60.1604803012464
-0.2
0.3
4.2
---------------------------------------------
63.1196519570686
0
0
1.8
---------------------------------------------
63.1196519570686
0
0
1.8
---------------------------------------------
63.2418390620744
0.1
-0.2
0.9
---------------------------------------------
62.5442058839535
0
-0.9
2.5
---------------------------------------------
62.4832415646449
-0.1
-0.9
2.5
---------------------------------------------
62.4832415646449
-0.1
-0.9
2.5
---------------------------------------------
62.4740619024251
-0.1
-0.9
2.4
---------------------------------------------
62.4740619024251
-0.1
-0.9
2.4
---------------------------------------------
62.8509134810919
-0.1
-0.9
2.3
---------------------------------------------
63.0172344305361
0.1
-0.9
2.1
---------------------------------------------
63.0172344305361
0.1
-0.9
2.1
---------------------------------------------
62.9496890224784
0
-1
2.1
---------------------------------------------
64.4249367688516
0.1
-1
-0.2
---------------------------------------------
64.4249367688516
0.1
-1
-0.2
---------------------------------------------
65.4865250636271
0.1
-1.1
-1.3
---------------------------------------------
65.4865250636271
0.1
-1.1
-1.3
---------------------------------------------
65.9989450482793
0.2
-1.1
-1.6
---------------------------------------------
67.5426298254376
0.3
-1.3
-3
---------------------------------------------
67.5426298254376
0.3
-1.3
-3
---------------------------------------------
74.4030361320452
1.1
-2.5
-11.3
---------------------------------------------
74.4030361320452
1.1
-2.5
-11.3
---------------------------------------------
76.3881160338457
1.5
-2.7
-13.6
---------------------------------------------
76.3881160338457
1.5
-2.7
-13.6
---------------------------------------------
75.3049417204756
1.9
-1.2
-11.4
---------------------------------------------
72.9033335434598
1.8
-0.3
-8.5
---------------------------------------------
70.2028808701731
1.2
0.2
-5.1
---------------------------------------------
70.2028808701731
1.2
0.2
-5.1
---------------------------------------------
65.7496637488456
0.4
0.3
-0.9
---------------------------------------------
65.7496637488456
0.4
0.3
-0.9
---------------------------------------------
64.5237577810226
0.2
0.4
0.2
---------------------------------------------
64.4682992828296
0.2
0.2
0.1
---------------------------------------------
64.7510743660176
0.2
0.3
-0.1
---------------------------------------------
64.7510743660176
0.2
0.3
-0.1
---------------------------------------------
65.0372534926417
0.3
0.3
-0.4
---------------------------------------------
65.0372534926417
0.3
0.3
-0.4
---------------------------------------------
68.9923788249003
0.5
-0.4
-4.9
---------------------------------------------
68.7085624763131
0.4
-0.7
-5.8
---------------------------------------------
68.7085624763131
0.4
-0.7
-5.8
---------------------------------------------
64.3672897687589
0.1
-0.5
-3.6
---------------------------------------------
64.3672897687589
0.1
-0.5
-3.6
---------------------------------------------
62.5980445887424
0
0
0.4
---------------------------------------------
63.1077685446221
0
0
-0.3
---------------------------------------------
64.2910811671003
0.1
1.6
1.4
---------------------------------------------
71.9839317807416
0.9
-0.8
-7.5
---------------------------------------------
71.9839317807416
0.9
-0.8
-7.5
---------------------------------------------
72.0868552447983
1
-0.8
-7.8
---------------------------------------------
72.0868552447983
1
-0.8
-7.8
---------------------------------------------
72.5471500991496
1.1
-0.9
-8.3
---------------------------------------------
73.4935144046253
1.1
-1
-9.7
---------------------------------------------
73.7402876451774
1.2
-1.1
-10.3
---------------------------------------------
73.7402876451774
1.2
-1.1
-10.3
---------------------------------------------
74.3279528278785
1.3
-1
-11.1
---------------------------------------------
74.6488257050104
1.3
-1.1
-11.8
---------------------------------------------
74.9789702243035
1.4
-1.3
-12.4
---------------------------------------------
74.9789702243035
1.4
-1.3
-12.4
---------------------------------------------
75.4215035517181
1.5
-1.3
-13.1
---------------------------------------------
75.4215035517181
1.5
-1.3
-13.1
---------------------------------------------
74.8999111835961
1.3
-1.1
-12.6
---------------------------------------------
75.0429008434572
1.3
-1
-12.7
---------------------------------------------
75.0429008434572
1.3
-1
-12.7
---------------------------------------------
74.8259331330186
1.3
-1.1
-12.5
---------------------------------------------
74.8259331330186
1.3
-1.1
-12.5
---------------------------------------------
74.9848899224555
1.3
-1.2
-12.8
---------------------------------------------
73.5088163803695
1
-0.8
-11
---------------------------------------------
73.5088163803695
1
-0.8
-11
---------------------------------------------
72.1283958555339
0.8
-0.4
-9.6
---------------------------------------------
72.1283958555339
0.8
-0.4
-9.6
---------------------------------------------
72.0314045383978
0.8
-0.3
-9.2
---------------------------------------------
71.5505618570381
0.7
-0.3
-8.7
---------------------------------------------
71.5505618570381
0.7
-0.3
-8.7
---------------------------------------------
71.4463221724829
0.7
-0.3
-8.6
---------------------------------------------
71.4463221724829
0.7
-0.3
-8.6
---------------------------------------------
71.5059141703048
0.7
-0.2
-8.5
---------------------------------------------
71.5059141703048
0.7
-0.2
-8.5
---------------------------------------------
71.5711084615041
0.7
-0.3
-8.6
---------------------------------------------
71.6952156490915
0.7
-0.2
-8.5
---------------------------------------------
71.6952156490915
0.7
-0.2
-8.5
---------------------------------------------
71.5676354868568
0.7
-0.3
-8.4
---------------------------------------------
71.5676354868568
0.7
-0.3
-8.4
---------------------------------------------
71.1909035915171
0.6
-0.2
-8
---------------------------------------------
68.5852491958155
0.5
0.1
-5.5
---------------------------------------------
66.3316990021347
0.3
0.4
-3.1
---------------------------------------------
66.3316990021347
0.3
0.4
-3.1
---------------------------------------------
62.1748121034359
0
1.1
1.5
---------------------------------------------
62.1748121034359
0
1.1
1.5
---------------------------------------------
61.0885651777341
-0.1
1.6
2.1
---------------------------------------------
57.1919213545456
-0.6
2.8
5.3
---------------------------------------------
57.3247722861337
-0.6
2.7
5
---------------------------------------------
57.3247722861337
-0.6
2.7
5
---------------------------------------------
57.3813894961156
-0.6
2.7
5
---------------------------------------------
58.6586518510834
-0.4
1.9
4
---------------------------------------------
58.6586518510834
-0.4
1.9
4
---------------------------------------------
62.1967074508195
0
1.5
2
---------------------------------------------
62.1165118776317
0
1.4
2
---------------------------------------------
62.1165118776317
0
1.4
2
---------------------------------------------
62.2004090384762
0
1.4
2
---------------------------------------------
62.3859512167351
-0.1
1.3
2.1
---------------------------------------------
62.3859512167351
-0.1
1.3
2.1
---------------------------------------------
62.1950345029611
0
1.2
1.8
---------------------------------------------
62.1950345029611
0
1.2
1.8
---------------------------------------------
62.2478808434453
0
1.4
1.9
---------------------------------------------
62.2769864872934
0
1.4
2
---------------------------------------------
62.2769864872934
0
1.4
2
---------------------------------------------
62.339822191431
0
1.4
2.1
---------------------------------------------
62.2732240025274
0
1.3
1.9
---------------------------------------------
62.2732240025274
0
1.3
1.9
---------------------------------------------
62.2654549130121
0
1.2
1.8
---------------------------------------------
62.2922935576393
0
1.3
1.9
---------------------------------------------
62.2922935576393
0
1.3
1.9
---------------------------------------------
62.3402024524242
0
1.3
2
---------------------------------------------
62.2178691306126
0
1.2
1.8
---------------------------------------------
62.2178691306126
0
1.2
1.8
---------------------------------------------
62.2999167261466
0
1.3
1.9
---------------------------------------------
62.2999167261466
0
1.3
1.9
---------------------------------------------
62.3335067564657
0
1.2
2
---------------------------------------------
62.5448407056799
0
1.4
1.8
---------------------------------------------
64.7256361750402
0.2
0.7
-1.1
---------------------------------------------
64.7256361750402
0.2
0.7
-1.1
---------------------------------------------
66.9111544571752
0.3
0.2
-4.6
---------------------------------------------
66.9111544571752
0.3
0.2
-4.6
---------------------------------------------
70.3659064700228
0.6
0.1
-9.3
---------------------------------------------
71.1566765346752
0.8
0.5
-9.8
---------------------------------------------
71.9509516160413
0.9
0.2
-10.8
---------------------------------------------
73.9016072719849
1.3
-0.2
-13.3
---------------------------------------------
75.075847801263
1.4
-0.4
-14.7
---------------------------------------------
75.075847801263
1.4
-0.4
-14.7
---------------------------------------------
76.5799835089295
1.6
-1.1
-17
---------------------------------------------
76.5799835089295
1.6
-1.1
-17
---------------------------------------------
76.514738106766
1.4
-1.1
-17
---------------------------------------------
76.7539899571825
1.2
-1.2
-17.2
---------------------------------------------
76.7539899571825
1.2
-1.2
-17.2
---------------------------------------------
76.1754753851761
1.1
-1.1
-16
---------------------------------------------
76.1754753851761
1.1
-1.1
-16
---------------------------------------------
75.4787233764976
1
-0.8
-14.6
---------------------------------------------
75.4787233764976
1
-0.8
-14.6
---------------------------------------------
75.0930947183577
1.2
-0.4
-14.1
---------------------------------------------
75.3445047160756
1.1
-0.6
-14.4
---------------------------------------------
75.3445047160756
1.1
-0.6
-14.4
---------------------------------------------
75.9767345830023
1
-1.1
-15.9
---------------------------------------------
75.9767345830023
1
-1.1
-15.9
---------------------------------------------
74.2807231418547
1
-0.3
-12.7
---------------------------------------------
71.9831646332198
0.9
0.6
-9.8
---------------------------------------------
71.9831646332198
0.9
0.6
-9.8
---------------------------------------------
70.9952574246751
0.9
0.6
-8.7
