---------------------------------------------
57.312648766607
0
0
0
---------------------------------------------
57.312648766607
0
0
0
---------------------------------------------
57.312648766607
0
0
0
---------------------------------------------
57.312648766607
0
0
0
---------------------------------------------
57.312648766607
0
0
0
---------------------------------------------
57.312648766607
0
0
0
---------------------------------------------
57.312648766607
0
0
0
---------------------------------------------
57.312648766607
0
0
0
---------------------------------------------
57.312648766607
0
0
0
---------------------------------------------
57.312648766607
0
0
0
---------------------------------------------
57.312648766607
0
0
0
---------------------------------------------
57.312648766607
0
0
0
---------------------------------------------
57.312648766607
0
0
0
---------------------------------------------
57.312648766607
0
0
0
---------------------------------------------
57.312648766607
0
0
0
