---------------------------------------------
51.5345095608584
0
0
0
---------------------------------------------
51.5345095608584
0
0
0
---------------------------------------------
51.5345095608584
0
0
0
---------------------------------------------
51.5345095608584
0
0
0
---------------------------------------------
51.5345095608584
0
0
0
---------------------------------------------
51.5345095608584
0
0
0
---------------------------------------------
51.5345095608584
0
0
0
---------------------------------------------
51.5345095608584
0
0
0
---------------------------------------------
51.5345095608584
0
0
0
