---------------------------------------------
56.8232705874966
0
0
0
---------------------------------------------
56.8232705874966
0
0
0
---------------------------------------------
56.8232705874966
0
0
0
---------------------------------------------
56.8232705874966
0
0
0
---------------------------------------------
56.8232705874966
0
0
0
---------------------------------------------
56.8232705874966
0
0
0
---------------------------------------------
56.8232705874966
0
0
0
---------------------------------------------
56.8232705874966
0
0
0
---------------------------------------------
56.8232705874966
0
0
0
---------------------------------------------
56.8232705874966
0
0
0
---------------------------------------------
56.8232705874966
0
0
0
---------------------------------------------
56.8232705874966
0
0
0
---------------------------------------------
56.8232705874966
0
0
0
---------------------------------------------
56.8232705874966
0
0
0
---------------------------------------------
56.8232705874966
0
0
0
---------------------------------------------
56.8232705874966
0
0
0
---------------------------------------------
56.8232705874966
0
0
0
---------------------------------------------
56.8232705874966
0
0
0
---------------------------------------------
56.8232705874966
0
0
0
