---------------------------------------------
63.642562468275
-0.1
0.5
1.1
---------------------------------------------
63.642562468275
-0.1
0.5
1.1
---------------------------------------------
66.3324219250248
0.1
0
-1.4
---------------------------------------------
66.3324219250248
0.1
0
-1.4
---------------------------------------------
68.8202893923346
0.2
-0.5
-3.8
---------------------------------------------
68.8202893923346
0.2
-0.5
-3.8
---------------------------------------------
68.9855956761555
0.2
-0.7
-4.2
---------------------------------------------
68.9855956761555
0.2
-0.7
-4.2
---------------------------------------------
70.1855609981513
0.3
-0.8
-5.3
---------------------------------------------
70.1855609981513
0.3
-0.8
-5.3
---------------------------------------------
71.0707621072038
0.3
-1.1
-6.3
---------------------------------------------
71.2850298781777
0.4
-1.1
-6.4
---------------------------------------------
71.2850298781777
0.4
-1.1
-6.4
---------------------------------------------
71.3393501600024
0.4
-1.1
-6.5
---------------------------------------------
71.3393501600024
0.4
-1.1
-6.5
---------------------------------------------
68.0530870912408
0.2
-0.1
-2.1
---------------------------------------------
68.0530870912408
0.2
-0.1
-2.1
---------------------------------------------
65.0144178238609
-0.2
0.9
1.1
---------------------------------------------
64.7923639657498
-0.1
0.9
1.2
---------------------------------------------
64.7923639657498
-0.1
0.9
1.2
---------------------------------------------
64.8847689077027
-0.2
1
1.2
---------------------------------------------
64.8847689077027
-0.2
1
1.2
---------------------------------------------
65.030638285217
-0.1
0.9
1.1
---------------------------------------------
65.030638285217
-0.1
0.9
1.1
---------------------------------------------
66.3994371084622
0.1
0.7
-0.3
---------------------------------------------
66.6419708093484
0
0.6
-0.6
---------------------------------------------
66.6419708093484
0
0.6
-0.6
---------------------------------------------
73.1527053567006
0.5
-1.9
-8.6
---------------------------------------------
70.8118570781454
0.4
-1
-5.8
---------------------------------------------
70.8118570781454
0.4
-1
-5.8
---------------------------------------------
65.3594495047542
0
0
0.4
---------------------------------------------
65.3594495047542
0
0
0.4
---------------------------------------------
63.1125113095525
-0.3
-0.1
2.8
---------------------------------------------
60.7230889338174
-0.5
0.6
4.6
---------------------------------------------
60.3260327095361
-0.6
0.7
4.8
---------------------------------------------
60.3260327095361
-0.6
0.7
4.8
---------------------------------------------
62.3949992892269
-0.3
0.2
3.5
---------------------------------------------
66.4056635915007
0.1
-0.4
0.3
---------------------------------------------
66.4056635915007
0.1
-0.4
0.3
---------------------------------------------
65.2013910561378
-0.1
-0.1
2.2
---------------------------------------------
65.2013910561378
-0.1
-0.1
2.2
---------------------------------------------
64.1212441013349
-0.1
0.3
3.7
---------------------------------------------
64.400880068336
-0.1
0.1
3.4
---------------------------------------------
64.525160245659
-0.1
-0.1
2.9
---------------------------------------------
64.525160245659
-0.1
-0.1
2.9
---------------------------------------------
64.5690244493432
-0.1
0
2.5
---------------------------------------------
64.5690244493432
-0.1
0
2.5
---------------------------------------------
64.4510648388726
-0.1
0
2.6
---------------------------------------------
64.4217160557088
-0.1
0
2.7
---------------------------------------------
64.4583945498059
-0.1
0
2.7
---------------------------------------------
64.4583945498059
-0.1
0
2.7
---------------------------------------------
63.5310490257663
-0.1
0.3
3.9
---------------------------------------------
63.1418343894616
-0.2
0.6
4.3
---------------------------------------------
63.1418343894616
-0.2
0.6
4.3
---------------------------------------------
63.1702036421423
-0.2
0.5
4.1
---------------------------------------------
63.5922582986756
-0.1
0.4
3.7
---------------------------------------------
63.5922582986756
-0.1
0.4
3.7
---------------------------------------------
63.8674092760281
-0.1
0.1
3.2
---------------------------------------------
63.9117833384816
-0.1
0
2.8
---------------------------------------------
63.9117833384816
-0.1
0
2.8
---------------------------------------------
64.1865001642909
-0.1
0.1
2.7
---------------------------------------------
64.1865001642909
-0.1
0.1
2.7
---------------------------------------------
64.2348583802381
-0.1
0
2.4
---------------------------------------------
64.2348583802381
-0.1
0
2.4
---------------------------------------------
64.3411707899533
-0.1
-0.1
2
---------------------------------------------
64.4088728256271
-0.1
0
2.2
---------------------------------------------
64.4088728256271
-0.1
0
2.2
---------------------------------------------
64.4399236758417
-0.1
0
2.2
---------------------------------------------
64.4774816178723
-0.1
0
2.3
---------------------------------------------
64.4774816178723
-0.1
0
2.3
---------------------------------------------
64.2914414324422
-0.1
0.1
2.5
---------------------------------------------
64.2914414324422
-0.1
0.1
2.5
---------------------------------------------
63.2771378479628
-0.2
0.5
4.2
---------------------------------------------
62.891900239661
-0.2
0.6
4.5
---------------------------------------------
62.891900239661
-0.2
0.6
4.5
---------------------------------------------
63.7390773942669
-0.1
0.4
2.8
---------------------------------------------
66.1582152379028
-0.1
0.1
-1.6
---------------------------------------------
69.1861667382729
0.2
-0.7
-4.8
---------------------------------------------
69.1861667382729
0.2
-0.7
-4.8
---------------------------------------------
71.115191108114
0.5
-1.1
-6.3
---------------------------------------------
68.9402386820475
0.3
-0.5
-3.4
---------------------------------------------
65.7831124708477
0
0.3
0.4
---------------------------------------------
65.7831124708477
0
0.3
0.4
---------------------------------------------
64.252690206753
-0.3
0.6
2
---------------------------------------------
64.1622364251983
-0.3
0.7
2.2
---------------------------------------------
64.1622364251983
-0.3
0.7
2.2
---------------------------------------------
63.938283576125
-0.3
0.8
2.4
---------------------------------------------
63.3912593459481
-0.4
0.7
2.6
---------------------------------------------
63.3912593459481
-0.4
0.7
2.6
---------------------------------------------
63.8795851979605
-0.3
0.8
2.4
---------------------------------------------
63.4111241419472
-0.3
1
3.8
---------------------------------------------
63.4111241419472
-0.3
1
3.8
---------------------------------------------
64.4893995856487
-0.2
0.9
2.9
---------------------------------------------
64.6496956951652
-0.2
0.9
2.5
---------------------------------------------
64.6496956951652
-0.2
0.9
2.5
---------------------------------------------
65.2512969266973
-0.1
0.3
1.2
---------------------------------------------
65.8385176010437
0
0.2
0.7
---------------------------------------------
65.8385176010437
0
0.2
0.7
---------------------------------------------
65.8959451174449
0
0.2
0.6
---------------------------------------------
65.9013124525665
0
0.2
0.2
---------------------------------------------
65.9013124525665
0
0.2
0.2
---------------------------------------------
65.9047856265558
0
0.2
-0.4
---------------------------------------------
65.9047856265558
0
0.2
-0.4
---------------------------------------------
66.0594108049384
-0.1
0.2
-0.5
---------------------------------------------
66.2042313507119
0
0.1
-0.9
---------------------------------------------
66.2042313507119
0
0.1
-0.9
---------------------------------------------
66.1983308947024
-0.1
0.1
-0.9
---------------------------------------------
66.1983308947024
-0.1
0.1
-0.9
---------------------------------------------
66.526713258306
0
0.1
-1
---------------------------------------------
68.9937581803486
0.1
-0.6
-4.8
---------------------------------------------
68.9937581803486
0.1
-0.6
-4.8
---------------------------------------------
69.2975735561335
0.2
-0.6
-5.1
---------------------------------------------
71.4902520162278
0.3
-1.2
-7
---------------------------------------------
71.4902520162278
0.3
-1.2
-7
---------------------------------------------
72.5862877070685
0.4
-1.6
-8
---------------------------------------------
72.5117917186553
0.4
-1.7
-7.7
---------------------------------------------
72.7697988101228
0.5
-1.4
-7.8
---------------------------------------------
72.7697988101228
0.5
-1.4
-7.8
---------------------------------------------
72.5019575394434
0.5
-1.5
-7.6
---------------------------------------------
66.1334690560159
-0.1
0.6
0.3
---------------------------------------------
66.1334690560159
-0.1
0.6
0.3
---------------------------------------------
61.225919547546
-0.6
0.9
4.2
---------------------------------------------
61.2524870913714
-0.6
1
4.4
---------------------------------------------
61.2524870913714
-0.6
1
4.4
---------------------------------------------
60.3915796109715
-0.7
1
4.8
---------------------------------------------
58.2736505469196
-1.1
1.1
5.9
---------------------------------------------
58.2736505469196
-1.1
1.1
5.9
---------------------------------------------
56.417429778006
-1.5
1.5
7.3
---------------------------------------------
56.417429778006
-1.5
1.5
7.3
---------------------------------------------
57.4802272439592
-0.8
3
9.7
---------------------------------------------
57.4802272439592
-0.8
3
9.7
---------------------------------------------
60.2342144354709
-0.6
2.3
6.9
---------------------------------------------
60.1144069238641
-0.6
2.4
7
---------------------------------------------
60.1144069238641
-0.6
2.4
7
---------------------------------------------
61.1492214965977
-0.5
2.3
6.4
---------------------------------------------
61.1492214965977
-0.5
2.3
6.4
---------------------------------------------
60.8146056797909
-0.5
2.2
6.6
---------------------------------------------
60.8704165673992
-0.5
2.2
6.5
---------------------------------------------
60.8704165673992
-0.5
2.2
6.5
---------------------------------------------
60.9843669538351
-0.5
2.2
6.5
---------------------------------------------
60.9843669538351
-0.5
2.2
6.5
---------------------------------------------
60.7851698714541
-0.5
2.1
6.6
---------------------------------------------
60.8326109076886
-0.5
2.2
6.6
---------------------------------------------
60.8326109076886
-0.5
2.2
6.6
---------------------------------------------
60.7810673954493
-0.5
2.2
6.6
---------------------------------------------
60.7603423760222
-0.6
2.2
6.6
---------------------------------------------
60.7603423760222
-0.6
2.2
6.6
---------------------------------------------
60.7007407310443
-0.5
2.2
6.7
---------------------------------------------
60.7007407310443
-0.5
2.2
6.7
---------------------------------------------
60.607575948427
-0.6
2.2
6.7
---------------------------------------------
60.7476721388874
-0.6
2.2
6.6
---------------------------------------------
60.7476721388874
-0.6
2.2
6.6
---------------------------------------------
60.7009900469291
-0.5
2.2
6.6
---------------------------------------------
60.7009900469291
-0.5
2.2
6.6
---------------------------------------------
60.7205381099803
-0.6
2.2
6.6
---------------------------------------------
61.6418020674065
-0.4
2
5.9
---------------------------------------------
61.6418020674065
-0.4
2
5.9
---------------------------------------------
61.3949655422069
-0.5
1.5
5.3
---------------------------------------------
61.3949655422069
-0.5
1.5
5.3
---------------------------------------------
61.8539282493906
-0.4
1.5
5
---------------------------------------------
61.6882842159226
-0.5
1.4
5.2
---------------------------------------------
61.6882842159226
-0.5
1.4
5.2
---------------------------------------------
62.3361022378447
-0.4
1.3
4.7
---------------------------------------------
62.3093831554663
-0.4
1.3
4.8
---------------------------------------------
62.6656601151006
-0.3
1.1
4.3
---------------------------------------------
62.6656601151006
-0.3
1.1
4.3
---------------------------------------------
64.5134533813653
-0.1
0.6
2.2
---------------------------------------------
64.5134533813653
-0.1
0.6
2.2
---------------------------------------------
65.7889519899194
0
0.1
0.3
---------------------------------------------
66.4526720471327
0.1
0.1
-0.9
---------------------------------------------
66.7651632414155
0
0.3
-1.1
---------------------------------------------
66.7651632414155
0
0.3
-1.1
---------------------------------------------
67.2192283028478
0.1
-0.1
-1.5
---------------------------------------------
67.2192283028478
0.1
-0.1
-1.5
---------------------------------------------
67.4352203092161
0.1
0.1
-1.7
---------------------------------------------
67.5653378074834
0.1
0.1
-2
---------------------------------------------
67.5653378074834
0.1
0.1
-2
---------------------------------------------
67.5016034824911
0.2
0.4
-1.6
---------------------------------------------
67.3890962594911
0.1
0.6
-1.4
---------------------------------------------
67.090577312098
0.1
0.6
-1.2
---------------------------------------------
67.090577312098
0.1
0.6
-1.2
---------------------------------------------
67.5278877670808
0.2
0.7
-1.5
---------------------------------------------
69.5989847688047
0.4
0.2
-3.7
---------------------------------------------
69.5989847688047
0.4
0.2
-3.7
---------------------------------------------
70.8642088944836
0.5
0
-5.3
---------------------------------------------
70.8642088944836
0.5
0
-5.3
---------------------------------------------
69.7206185055553
0.4
0.2
-4
---------------------------------------------
69.4968714463784
0.4
0.1
-3.9
---------------------------------------------
69.4968714463784
0.4
0.1
-3.9
---------------------------------------------
69.4470472864584
0.4
0.2
-3.7
---------------------------------------------
65.6661758051599
-0.1
0.9
0.9
---------------------------------------------
65.6661758051599
-0.1
0.9
0.9
---------------------------------------------
62.5183198144482
-0.5
1.2
3.5
---------------------------------------------
62.5183198144482
-0.5
1.2
3.5
---------------------------------------------
61.4808118404238
-0.6
1.3
4.3
---------------------------------------------
61.4808118404238
-0.6
1.3
4.3
---------------------------------------------
60.8962386551835
-0.7
1.2
4.7
---------------------------------------------
60.8404029229573
-0.7
1.3
5
---------------------------------------------
60.8404029229573
-0.7
1.3
5
---------------------------------------------
62.245440063495
-0.4
0.9
3.8
---------------------------------------------
62.245440063495
-0.4
0.9
3.8
---------------------------------------------
64.4584352345095
-0.2
0.7
1.9
---------------------------------------------
65.1594621926549
-0.1
0.6
1.5
---------------------------------------------
65.1594621926549
-0.1
0.6
1.5
---------------------------------------------
65.4694653686459
-0.1
0.9
1.7
---------------------------------------------
67.9376960730858
0.2
0.9
-1.3
---------------------------------------------
67.9376960730858
0.2
0.9
-1.3
---------------------------------------------
68.8960212377023
0.4
0.5
-2.5
---------------------------------------------
68.8960212377023
0.4
0.5
-2.5
---------------------------------------------
69.9989003292565
0.4
0.2
-3.8
---------------------------------------------
69.9442370376159
0.4
-0.1
-4.1
---------------------------------------------
69.9442370376159
0.4
-0.1
-4.1
---------------------------------------------
68.5600807334547
0.2
0.1
-2.6
---------------------------------------------
68.5600807334547
0.2
0.1
-2.6
---------------------------------------------
68.8357240279136
0.2
0.1
-2.8
---------------------------------------------
68.6101478321331
0.2
0
-2.8
---------------------------------------------
68.6101478321331
0.2
0
-2.8
---------------------------------------------
68.5622975490867
0.2
0.1
-2.8
---------------------------------------------
68.5622975490867
0.2
0.1
-2.8
---------------------------------------------
68.6709669637414
0.2
0
-2.9
---------------------------------------------
68.5989467119553
0.2
-0.1
-3
---------------------------------------------
68.5989467119553
0.2
-0.1
-3
---------------------------------------------
69.0068357245417
0.2
0
-3.3
---------------------------------------------
68.2921558241096
0.2
0.1
-2.4
---------------------------------------------
68.2921558241096
0.2
0.1
-2.4
---------------------------------------------
68.435645817073
0.2
0.3
-2.5
---------------------------------------------
68.435645817073
0.2
0.3
-2.5
---------------------------------------------
68.4276538539866
0.2
0.5
-2.4
---------------------------------------------
68.1380550187683
0.2
0.4
-2.4
---------------------------------------------
68.1380550187683
0.2
0.4
-2.4
---------------------------------------------
68.4248506449147
0.3
0.5
-2.6
---------------------------------------------
68.4248506449147
0.3
0.5
-2.6
---------------------------------------------
68.4262667279366
0.3
0.5
-2.6
---------------------------------------------
68.4958817017498
0.3
0.5
-2.8
---------------------------------------------
68.4958817017498
0.3
0.5
-2.8
---------------------------------------------
68.6349658359168
0.3
0.4
-2.7
---------------------------------------------
68.3894890875361
0.3
0.4
-2.6
---------------------------------------------
68.3894890875361
0.3
0.4
-2.6
---------------------------------------------
61.6316907884052
-0.3
2.7
5.8
---------------------------------------------
61.6316907884052
-0.3
2.7
5.8
---------------------------------------------
66.4980565655674
0
-0.1
0.1
---------------------------------------------
62.3010140204235
-0.2
2.7
5.5
---------------------------------------------
64.7185666636276
-0.1
0.2
1.6
---------------------------------------------
65.7664784660469
0
0
1.1
---------------------------------------------
65.6898958957259
0
0.1
1
---------------------------------------------
65.6898958957259
0
0.1
1
---------------------------------------------
65.6686337074797
-0.1
0.1
1
---------------------------------------------
65.6686337074797
-0.1
0.1
1
---------------------------------------------
65.6369472161608
-0.1
0.2
1.1
---------------------------------------------
65.6284023249449
-0.1
0.2
1
---------------------------------------------
65.7000971183239
0
0.1
1.1
---------------------------------------------
65.6101145554775
-0.1
0.2
1.1
---------------------------------------------
65.6101145554775
-0.1
0.2
1.1
---------------------------------------------
65.5590769251976
-0.1
0.2
1
---------------------------------------------
65.5590769251976
-0.1
0.2
1
---------------------------------------------
65.5448095115506
-0.1
0.2
1
---------------------------------------------
65.5404949594619
-0.1
0.1
1
---------------------------------------------
65.5404949594619
-0.1
0.1
1
---------------------------------------------
65.6395897950572
-0.1
0.2
1.1
---------------------------------------------
65.6395897950572
-0.1
0.2
1.1
---------------------------------------------
65.6086570686872
-0.1
0.2
1.1
---------------------------------------------
65.7977095493681
0
0.1
1
---------------------------------------------
65.7977095493681
0
0.1
1
---------------------------------------------
65.5553836116618
-0.1
0.2
1
---------------------------------------------
65.5553836116618
-0.1
0.2
1
---------------------------------------------
65.4716883737305
0
0
1.2
---------------------------------------------
65.4716883737305
0
0
1.2
---------------------------------------------
65.8140806357128
0
0.1
0.8
---------------------------------------------
65.5494698291889
-0.1
0.2
1
---------------------------------------------
65.6413544279081
-0.1
0.3
1.1
---------------------------------------------
65.6413544279081
-0.1
0.3
1.1
---------------------------------------------
65.684814326277
0
0.2
1.1
---------------------------------------------
65.684814326277
0
0.2
1.1
---------------------------------------------
65.527980860907
-0.1
0.1
0.9
---------------------------------------------
65.6970935479573
0
0.1
1
---------------------------------------------
65.6970935479573
0
0.1
1
---------------------------------------------
65.6494623387794
-0.1
0.2
1
---------------------------------------------
65.7179413980712
0
0.1
1
---------------------------------------------
65.5935047782888
-0.1
0.2
0.9
---------------------------------------------
65.5935047782888
-0.1
0.2
0.9
---------------------------------------------
65.6816366392429
-0.1
0.1
1
---------------------------------------------
65.6816366392429
-0.1
0.1
1
---------------------------------------------
65.7298153082941
0
0
1
---------------------------------------------
65.518616054724
-0.1
0.2
1
---------------------------------------------
65.518616054724
-0.1
0.2
1
---------------------------------------------
66.0445871896377
0
0.4
0.9
---------------------------------------------
64.1726942309271
-0.1
0.6
2
---------------------------------------------
64.1726942309271
-0.1
0.6
2
---------------------------------------------
61.9138585062002
-0.3
1.2
3.6
---------------------------------------------
61.9138585062002
-0.3
1.2
3.6
---------------------------------------------
67.6170447268966
0
-0.9
-1.2
---------------------------------------------
67.6170447268966
0
-0.9
-1.2
---------------------------------------------
68.0823771170213
0.1
-0.9
-1.3
---------------------------------------------
65.5598925649822
-0.1
0
1.8
---------------------------------------------
65.4650764656785
0
0.1
1.2
---------------------------------------------
65.4650764656785
0
0.1
1.2
---------------------------------------------
65.2516710581301
-0.1
0.2
1.4
---------------------------------------------
65.1772166378454
-0.1
0.2
1.7
---------------------------------------------
65.1772166378454
-0.1
0.2
1.7
---------------------------------------------
65.1155203595667
-0.1
0.1
1.8
---------------------------------------------
65.0677114061564
-0.1
0.1
1.8
---------------------------------------------
65.0677114061564
-0.1
0.1
1.8
---------------------------------------------
65.0385746782653
-0.1
0.1
1.8
---------------------------------------------
64.9824395436534
-0.1
0.1
1.7
---------------------------------------------
64.9824395436534
-0.1
0.1
1.7
---------------------------------------------
62.4238558935479
-0.3
0.9
4.4
---------------------------------------------
61.8718990633834
-0.3
1.1
4.9
---------------------------------------------
61.8718990633834
-0.3
1.1
4.9
---------------------------------------------
61.6115327448998
-0.3
1.1
5
---------------------------------------------
61.8677329890467
-0.3
1.2
5
---------------------------------------------
61.9254654357703
-0.3
1
4.8
---------------------------------------------
61.9254654357703
-0.3
1
4.8
---------------------------------------------
62.3827683025808
-0.3
1
4.4
---------------------------------------------
62.3827683025808
-0.3
1
4.4
---------------------------------------------
62.2968655027577
-0.3
0.9
4.4
---------------------------------------------
62.114297530464
-0.3
0.8
4.4
---------------------------------------------
62.114297530464
-0.3
0.8
4.4
---------------------------------------------
62.2396485096072
-0.3
0.8
4.4
---------------------------------------------
62.2345497310592
-0.3
0.8
4.4
---------------------------------------------
62.2345497310592
-0.3
0.8
4.4
---------------------------------------------
62.5565359148435
-0.3
0.9
4.1
---------------------------------------------
62.5565359148435
-0.3
0.9
4.1
---------------------------------------------
62.6708647826771
-0.3
0.8
3.9
---------------------------------------------
62.5538717409853
-0.3
0.7
3.8
---------------------------------------------
62.5538717409853
-0.3
0.7
3.8
---------------------------------------------
62.8957564378017
-0.2
0.8
3.7
---------------------------------------------
62.8957564378017
-0.2
0.8
3.7
---------------------------------------------
63.0705811301778
-0.2
0.6
3.2
---------------------------------------------
63.6066881149497
-0.2
0.6
2.5
---------------------------------------------
63.6066881149497
-0.2
0.6
2.5
---------------------------------------------
63.4082502170308
-0.2
0.5
2.6
---------------------------------------------
63.3294673468401
-0.2
0.4
2.6
---------------------------------------------
63.3294673468401
-0.2
0.4
2.6
---------------------------------------------
63.4563303576988
-0.2
0.5
2.5
---------------------------------------------
63.5428634344143
-0.2
0.5
2.5
---------------------------------------------
63.5428634344143
-0.2
0.5
2.5
---------------------------------------------
63.4177364964627
-0.2
0.4
2.4
---------------------------------------------
63.4177364964627
-0.2
0.4
2.4
---------------------------------------------
63.6694582952218
-0.2
0.5
2.4
---------------------------------------------
63.6355980077162
-0.2
0.5
2.4
---------------------------------------------
63.6355980077162
-0.2
0.5
2.4
---------------------------------------------
63.4863008566757
-0.2
0.4
2.5
---------------------------------------------
63.784939776588
-0.2
0.5
2.4
---------------------------------------------
63.784939776588
-0.2
0.5
2.4
---------------------------------------------
63.3348978740375
-0.2
0.5
2.7
---------------------------------------------
63.2977428384857
-0.2
0.6
3.1
---------------------------------------------
63.2182097174759
-0.2
0.6
3.2
---------------------------------------------
63.2182097174759
-0.2
0.6
3.2
---------------------------------------------
63.2408877815477
-0.2
0.6
3.3
---------------------------------------------
63.222726467038
-0.2
0.6
3.3
---------------------------------------------
63.222726467038
-0.2
0.6
3.3
---------------------------------------------
63.2661540178418
-0.2
0.5
3.2
---------------------------------------------
64.0549108613375
-0.2
0.4
2.4
---------------------------------------------
64.0549108613375
-0.2
0.4
2.4
---------------------------------------------
65.7751395101418
0
-0.1
0.9
---------------------------------------------
65.7751395101418
0
-0.1
0.9
---------------------------------------------
66.2716330045338
0
-0.1
0.1
---------------------------------------------
66.2716330045338
0
-0.1
0.1
---------------------------------------------
66.2890592748128
0
-0.1
-0.2
---------------------------------------------
66.7137950598161
0
0.1
-0.9
---------------------------------------------
66.7137950598161
0
0.1
-0.9
---------------------------------------------
66.6444986717432
0
-0.1
-0.6
---------------------------------------------
66.6444986717432
0
-0.1
-0.6
---------------------------------------------
66.593840479001
0
0.1
-0.9
---------------------------------------------
66.1865132025166
-0.1
0.1
-1.1
---------------------------------------------
66.1865132025166
-0.1
0.1
-1.1
---------------------------------------------
67.0227453545819
0
-0.1
-2.2
---------------------------------------------
67.0227453545819
0
-0.1
-2.2
---------------------------------------------
69.1568345530725
0.2
-0.6
-4.3
---------------------------------------------
68.2841042290591
0.1
-0.3
-3.3
---------------------------------------------
66.0945928964266
-0.1
0.1
-0.7
---------------------------------------------
66.0945928964266
-0.1
0.1
-0.7
---------------------------------------------
66.1581216752333
-0.1
0.1
-1.2
---------------------------------------------
66.1581216752333
-0.1
0.1
-1.2
---------------------------------------------
66.7131035138775
0
0.2
-1.9
---------------------------------------------
66.6354518590933
0
0.1
-1.5
---------------------------------------------
66.6354518590933
0
0.1
-1.5
---------------------------------------------
66.4779847882544
0
0
-1.3
---------------------------------------------
66.4779847882544
0
0
-1.3
---------------------------------------------
66.4272064253367
0.1
0.1
-1.3
---------------------------------------------
66.9843601029863
0
-0.3
-0.7
---------------------------------------------
66.9843601029863
0
-0.3
-0.7
---------------------------------------------
66.9424826285281
0.1
-0.3
-0.5
---------------------------------------------
67.0607234883283
0
0
-1.1
---------------------------------------------
67.0607234883283
0
0
-1.1
---------------------------------------------
67.1179602147485
0
-0.1
-1.6
---------------------------------------------
67.1179602147485
0
-0.1
-1.6
---------------------------------------------
67.274001531892
0.1
-0.1
-1.5
---------------------------------------------
65.0651961917146
-0.1
0.1
1.7
---------------------------------------------
64.2489942714946
-0.1
0.3
3
---------------------------------------------
64.2489942714946
-0.1
0.3
3
---------------------------------------------
64.4315355986015
-0.1
0.3
2.7
---------------------------------------------
64.4315355986015
-0.1
0.3
2.7
---------------------------------------------
64.6964953016399
-0.1
0.1
2.1
---------------------------------------------
66.3391764540055
0.1
0.2
0.4
---------------------------------------------
66.3391764540055
0.1
0.2
0.4
---------------------------------------------
70.6175471448774
0.3
-0.8
-6.2
---------------------------------------------
68.0413162938828
0.2
0
-2
---------------------------------------------
67.330228902991
0.1
0.1
-1.7
---------------------------------------------
67.330228902991
0.1
0.1
-1.7
---------------------------------------------
66.7933344162173
0.1
0.2
-1.2
---------------------------------------------
66.7933344162173
0.1
0.2
-1.2
---------------------------------------------
66.8502168618451
0.1
0.2
-0.8
---------------------------------------------
66.3328849668814
0.1
0.2
-0.4
---------------------------------------------
66.5503551343699
0
0.3
-0.4
---------------------------------------------
66.3750305207005
0.1
0.4
-0.3
---------------------------------------------
66.2807249909896
0
1
1.5
---------------------------------------------
66.2807249909896
0
1
1.5
---------------------------------------------
68.256887317038
0.1
-0.5
-1.8
---------------------------------------------
68.256887317038
0.1
-0.5
-1.8
---------------------------------------------
68.1836929844793
0.1
-0.5
-1.8
---------------------------------------------
68.1836929844793
0.1
-0.5
-1.8
---------------------------------------------
68.1480029899781
0.1
-0.5
-1.8
---------------------------------------------
66.8617193690818
0
-0.1
-1.1
---------------------------------------------
66.8617193690818
0
-0.1
-1.1
---------------------------------------------
66.2947943513818
0
0
-1.7
---------------------------------------------
65.9235683209517
0
0.2
-1.4
---------------------------------------------
65.9235683209517
0
0.2
-1.4
---------------------------------------------
65.9320787857475
0
0.2
-1.4
---------------------------------------------
65.9320787857475
0
0.2
-1.4
---------------------------------------------
66.0354958770207
0
0.2
-1.3
---------------------------------------------
67.8127524297331
0.1
-0.2
-2.9
---------------------------------------------
67.8127524297331
0.1
-0.2
-2.9
---------------------------------------------
68.4395014006953
0.1
-0.4
-3.9
---------------------------------------------
68.4395014006953
0.1
-0.4
-3.9
---------------------------------------------
69.3697305826633
0.2
-0.6
-4.7
---------------------------------------------
70.9563964621028
0.3
-1
-6.6
---------------------------------------------
71.6374169452022
0.3
-1.2
-7.4
---------------------------------------------
71.6374169452022
0.3
-1.2
-7.4
---------------------------------------------
72.2590898472552
0.5
-1.4
-8.1
---------------------------------------------
69.823434692131
0.3
-0.4
-4.3
---------------------------------------------
69.823434692131
0.3
-0.4
-4.3
---------------------------------------------
69.9993151846294
0.3
-0.7
-4.2
---------------------------------------------
65.0522295481597
-0.1
0.1
1.3
---------------------------------------------
65.0522295481597
-0.1
0.1
1.3
---------------------------------------------
66.8795947473726
0.1
-0.7
-0.1
---------------------------------------------
67.5938466475175
0
-0.5
-0.3
---------------------------------------------
67.5938466475175
0
-0.5
-0.3
---------------------------------------------
64.541417627812
-0.1
0.5
2.1
---------------------------------------------
64.541417627812
-0.1
0.5
2.1
---------------------------------------------
67.8159336810564
0.2
0.1
-2.1
---------------------------------------------
65.6706140276769
0
0.5
0.7
---------------------------------------------
65.6706140276769
0
0.5
0.7
---------------------------------------------
64.942768600858
-0.2
0.3
1.1
---------------------------------------------
64.942768600858
-0.2
0.3
1.1
---------------------------------------------
65.4646330197996
-0.1
0.2
1.2
---------------------------------------------
65.4646330197996
-0.1
0.2
1.2
---------------------------------------------
65.7671953690596
0
-0.3
1.1
---------------------------------------------
64.6313287460334
-0.2
-0.3
1.5
---------------------------------------------
64.6313287460334
-0.2
-0.3
1.5
---------------------------------------------
65.85468819872
0
-0.7
0.3
---------------------------------------------
65.85468819872
0
-0.7
0.3
---------------------------------------------
66.2974648670788
0
-0.8
-0.1
---------------------------------------------
66.3270883694809
0.1
-0.7
0.1
---------------------------------------------
66.3270883694809
0.1
-0.7
0.1
---------------------------------------------
66.093880620137
-0.1
-0.7
0.4
---------------------------------------------
66.093880620137
-0.1
-0.7
0.4
---------------------------------------------
66.8594359013823
0.1
-1.1
-0.6
---------------------------------------------
66.7363638761794
0
-0.5
-0.2
---------------------------------------------
65.8019172635841
0
-0.5
0.8
---------------------------------------------
65.3487094182733
0
-0.4
1.2
---------------------------------------------
65.3487094182733
0
-0.4
1.2
---------------------------------------------
65.3777615099332
0
-0.2
1.3
---------------------------------------------
65.3777615099332
0
-0.2
1.3
---------------------------------------------
65.9726095704978
0.1
0.1
-0.2
---------------------------------------------
67.2799553525345
0.1
0
-2.7
---------------------------------------------
68.0826582384367
0.2
-0.3
-2.2
---------------------------------------------
68.0826582384367
0.2
-0.3
-2.2
---------------------------------------------
64.5756060067306
-0.2
0.7
1.2
---------------------------------------------
64.5756060067306
-0.2
0.7
1.2
---------------------------------------------
63.5680720146598
-0.3
0.7
2.5
---------------------------------------------
63.5680720146598
-0.3
0.7
2.5
---------------------------------------------
64.6627103531774
-0.2
0.6
1.9
---------------------------------------------
64.8798549645742
-0.1
0.5
1.8
---------------------------------------------
64.8798549645742
-0.1
0.5
1.8
---------------------------------------------
65.3099524518827
-0.1
0.5
1.5
---------------------------------------------
63.4618892130442
-0.4
1.1
3.3
---------------------------------------------
62.0398654132193
-0.6
1.2
4.2
---------------------------------------------
62.0398654132193
-0.6
1.2
4.2
---------------------------------------------
62.568060912907
-0.5
1.3
4
---------------------------------------------
61.9078815851085
-0.6
1.2
4.4
---------------------------------------------
61.9078815851085
-0.6
1.2
4.4
---------------------------------------------
62.372505946023
-0.5
1.3
4
---------------------------------------------
62.4174939256857
-0.5
1.2
3.9
---------------------------------------------
62.4174939256857
-0.5
1.2
3.9
---------------------------------------------
63.3348144442641
-0.4
1
2.9
---------------------------------------------
66.9529365779567
0.1
0
0.1
---------------------------------------------
66.9529365779567
0.1
0
0.1
---------------------------------------------
66.6829792710883
0
-0.1
0.4
---------------------------------------------
66.5737237779677
0
0.1
0.9
---------------------------------------------
66.5737237779677
0
0.1
0.9
---------------------------------------------
63.0703429762204
-0.3
1.7
5
---------------------------------------------
62.8246834827527
-0.4
1.3
4.6
---------------------------------------------
63.7948236017701
-0.2
1
3.7
---------------------------------------------
63.7948236017701
-0.2
1
3.7
---------------------------------------------
63.8446932371512
-0.3
0.8
3.5
---------------------------------------------
63.8263701724416
-0.3
0.8
3.5
---------------------------------------------
63.8263701724416
-0.3
0.8
3.5
---------------------------------------------
63.819315722408
-0.3
0.8
3.5
---------------------------------------------
63.5875851056885
-0.3
0.8
3.6
---------------------------------------------
63.5875851056885
-0.3
0.8
3.6
---------------------------------------------
64.0945072476722
-0.2
0.8
3.3
---------------------------------------------
63.7258275731858
-0.3
0.8
3.4
---------------------------------------------
63.7258275731858
-0.3
0.8
3.4
---------------------------------------------
63.8990329215201
-0.2
0.8
3.4
---------------------------------------------
64.0230907620883
-0.3
0.8
3.2
---------------------------------------------
63.6978179807357
-0.3
0.8
3.4
---------------------------------------------
63.9828710927725
-0.2
0.8
3.2
---------------------------------------------
63.9828710927725
-0.2
0.8
3.2
---------------------------------------------
63.765228970096
-0.3
0.8
3.4
---------------------------------------------
64.1945465004638
-0.2
0.8
3.1
---------------------------------------------
64.1945465004638
-0.2
0.8
3.1
---------------------------------------------
64.1514987266747
-0.2
0.8
3.2
---------------------------------------------
63.7895295088008
-0.3
0.7
3.4
---------------------------------------------
63.7895295088008
-0.3
0.7
3.4
---------------------------------------------
62.8407018210808
-0.4
1.8
5.2
---------------------------------------------
63.5260697208265
-0.3
1.3
4.2
---------------------------------------------
63.5260697208265
-0.3
1.3
4.2
---------------------------------------------
63.9292477140422
-0.2
1.3
3.9
---------------------------------------------
63.9299485699369
-0.2
1.1
3.7
---------------------------------------------
63.9299485699369
-0.2
1.1
3.7
---------------------------------------------
63.7157626278714
-0.3
0.8
3.6
---------------------------------------------
63.8019454292511
-0.3
0.9
3.6
---------------------------------------------
63.8019454292511
-0.3
0.9
3.6
---------------------------------------------
63.415455995595
-0.3
1
3.9
---------------------------------------------
63.415455995595
-0.3
1
3.9
---------------------------------------------
63.775619080837
-0.3
1.1
3.8
---------------------------------------------
63.8693231615172
-0.2
0.9
3.7
---------------------------------------------
63.8693231615172
-0.2
0.9
3.7
---------------------------------------------
63.4401975700573
-0.3
0.9
3.9
---------------------------------------------
63.4401975700573
-0.3
0.9
3.9
---------------------------------------------
63.554360251976
-0.3
1.1
4.1
---------------------------------------------
62.8394869319145
-0.4
1.1
4.5
---------------------------------------------
62.8394869319145
-0.4
1.1
4.5
---------------------------------------------
62.7541840923048
-0.4
1.2
4.6
---------------------------------------------
62.9566457963849
-0.4
1.2
4.5
---------------------------------------------
62.7780545603933
-0.4
1.2
4.5
---------------------------------------------
62.7780545603933
-0.4
1.2
4.5
---------------------------------------------
62.8206171813931
-0.4
1.1
4.5
---------------------------------------------
62.7296100276431
-0.4
1.2
4.6
---------------------------------------------
62.7296100276431
-0.4
1.2
4.6
---------------------------------------------
62.6958906137826
-0.4
1.2
4.6
---------------------------------------------
62.7764543427087
-0.4
1.1
4.5
---------------------------------------------
62.7764543427087
-0.4
1.1
4.5
---------------------------------------------
62.67007552878
-0.4
1.2
4.6
---------------------------------------------
62.8494876890992
-0.4
1.2
4.5
---------------------------------------------
62.7719873571255
-0.4
1.2
4.6
---------------------------------------------
62.7719873571255
-0.4
1.2
4.6
---------------------------------------------
62.8721082961885
-0.4
1.2
4.5
---------------------------------------------
62.6970175725914
-0.4
1.2
4.6
---------------------------------------------
62.6544174476442
-0.4
1.2
4.6
---------------------------------------------
62.6544174476442
-0.4
1.2
4.6
---------------------------------------------
63.0830773285527
-0.4
1.2
4.3
---------------------------------------------
62.8577464410065
-0.4
1.2
4.5
---------------------------------------------
62.8577464410065
-0.4
1.2
4.5
---------------------------------------------
64.560579090519
-0.2
0.7
3.1
---------------------------------------------
67.0111999214388
0.1
0.4
1.2
---------------------------------------------
67.0111999214388
0.1
0.4
1.2
---------------------------------------------
65.0831913208199
-0.1
1.1
1.4
---------------------------------------------
65.7971540403898
0
1
0.5
---------------------------------------------
65.7971540403898
0
1
0.5
---------------------------------------------
71.1938651121803
0.4
-0.7
-5.9
---------------------------------------------
71.1938651121803
0.4
-0.7
-5.9
---------------------------------------------
70.8554359211729
0.3
-0.6
-5.4
---------------------------------------------
70.8554359211729
0.3
-0.6
-5.4
---------------------------------------------
68.5523445775489
0.2
0.2
-2.6
---------------------------------------------
68.5154259141009
0.2
0.3
-2.5
---------------------------------------------
68.5154259141009
0.2
0.3
-2.5
---------------------------------------------
65.9065185560332
0
0.7
0
---------------------------------------------
66.3149076774049
0.1
0.8
-0.2
---------------------------------------------
66.2928004526757
0
0.7
-0.3
---------------------------------------------
66.2928004526757
0
0.7
-0.3
---------------------------------------------
66.5070990951506
0
0.6
-0.6
---------------------------------------------
66.5885391515446
0
0.8
-0.4
---------------------------------------------
66.5885391515446
0
0.8
-0.4
---------------------------------------------
66.2080652502555
0
0.6
-0.3
---------------------------------------------
66.2080652502555
0
0.6
-0.3
---------------------------------------------
66.5541340259566
0
0.7
-0.5
---------------------------------------------
74.9167216991625
0.9
2.3
-8.1
---------------------------------------------
74.9167216991625
0.9
2.3
-8.1
---------------------------------------------
75.0694689194506
0.9
2.2
-8.5
---------------------------------------------
74.9521765549195
0.9
1.9
-8.3
---------------------------------------------
74.9521765549195
0.9
1.9
-8.3
---------------------------------------------
74.9418847959549
0.9
1.6
-8.4
---------------------------------------------
74.9418847959549
0.9
1.6
-8.4
---------------------------------------------
75.1672552944827
0.8
1.3
-8.7
---------------------------------------------
75.1672552944827
0.8
1.3
-8.7
---------------------------------------------
74.137579349758
0.6
0.2
-8.4
---------------------------------------------
74.0531898961952
0.6
0.3
-8.2
---------------------------------------------
74.0531898961952
0.6
0.3
-8.2
---------------------------------------------
73.530756868245
0.6
0.1
-8.1
---------------------------------------------
68.6797392693136
0.2
-0.4
-3.1
---------------------------------------------
68.6797392693136
0.2
-0.4
-3.1
---------------------------------------------
63.4267198932278
-0.2
0.5
2.7
---------------------------------------------
63.4267198932278
-0.2
0.5
2.7
---------------------------------------------
62.6794759633519
-0.2
0.8
3.2
---------------------------------------------
62.714836704138
-0.2
0.7
2.6
---------------------------------------------
62.714836704138
-0.2
0.7
2.6
---------------------------------------------
63.4402150003913
-0.2
0.6
0.7
---------------------------------------------
63.4402150003913
-0.2
0.6
0.7
---------------------------------------------
63.5696657353258
-0.2
0.7
0.8
---------------------------------------------
63.5251633618294
-0.2
0.6
0.7
---------------------------------------------
63.5251633618294
-0.2
0.6
0.7
---------------------------------------------
63.5989579645815
-0.2
0.6
0.8
---------------------------------------------
63.5763726562111
-0.2
0.6
0.7
---------------------------------------------
63.5763726562111
-0.2
0.6
0.7
---------------------------------------------
63.4584413430143
-0.2
0.6
0.6
---------------------------------------------
64.1680402697951
-0.1
0.7
0.3
---------------------------------------------
64.1680402697951
-0.1
0.7
0.3
---------------------------------------------
65.7633046166364
0
0.4
-0.9
---------------------------------------------
67.3039205044526
0.1
0.2
-2.6
---------------------------------------------
67.3039205044526
0.1
0.2
-2.6
---------------------------------------------
64.6517108120921
-0.1
0.8
0.3
---------------------------------------------
66.4237722904951
0.1
0.3
-1.6
---------------------------------------------
66.4237722904951
0.1
0.3
-1.6
---------------------------------------------
69.1517976033735
0.2
-0.4
-4.5
---------------------------------------------
69.1517976033735
0.2
-0.4
-4.5
---------------------------------------------
70.0514269015491
0.2
-0.7
-5.8
---------------------------------------------
70.7582158185311
0.3
-0.9
-6.1
---------------------------------------------
70.7582158185311
0.3
-0.9
-6.1
---------------------------------------------
70.5747303613638
0.3
-0.8
-5.9
---------------------------------------------
70.5747303613638
0.3
-0.8
-5.9
---------------------------------------------
71.099081837635
0.3
-0.8
-6.4
---------------------------------------------
71.020114495681
0.3
-0.9
-6.4
---------------------------------------------
71.020114495681
0.3
-0.9
-6.4
---------------------------------------------
70.8662479899186
0.3
-0.8
-6.3
---------------------------------------------
70.8662479899186
0.3
-0.8
-6.3
---------------------------------------------
70.9633844345658
0.3
-0.7
-6.3
---------------------------------------------
71.0337849403851
0.3
-0.9
-6.4
---------------------------------------------
71.0337849403851
0.3
-0.9
-6.4
---------------------------------------------
71.1212146237886
0.3
-0.8
-6.6
---------------------------------------------
71.1302482501439
0.3
-0.8
-6.7
---------------------------------------------
71.1302482501439
0.3
-0.8
-6.7
---------------------------------------------
71.0762160520196
0.3
-1
-6.8
---------------------------------------------
70.9935900334441
0.2
-0.9
-6.7
---------------------------------------------
70.9935900334441
0.2
-0.9
-6.7
---------------------------------------------
69.6718543175497
0.2
-0.7
-5.5
---------------------------------------------
69.6718543175497
0.2
-0.7
-5.5
---------------------------------------------
68.4580587928342
0.1
-0.3
-4.4
---------------------------------------------
68.7585208770233
0.1
-0.3
-4.4
---------------------------------------------
68.7585208770233
0.1
-0.3
-4.4
---------------------------------------------
69.1730868501334
0.2
-0.6
-4.9
---------------------------------------------
69.1730868501334
0.2
-0.6
-4.9
---------------------------------------------
70.2639401036341
0.2
-0.8
-6.1
---------------------------------------------
70.2639401036341
0.2
-0.8
-6.1
---------------------------------------------
69.9951301218224
0.2
-0.7
-5.6
---------------------------------------------
70.1056032097345
0.2
-0.6
-5.8
---------------------------------------------
70.0353015435657
0.2
-0.6
-5.4
---------------------------------------------
70.0353015435657
0.2
-0.6
-5.4
---------------------------------------------
70.0962001050994
0.2
-0.7
-5.8
---------------------------------------------
70.0962001050994
0.2
-0.7
-5.8
---------------------------------------------
70.6300951110059
0.2
-0.8
-6.1
---------------------------------------------
70.6300951110059
0.2
-0.8
-6.1
---------------------------------------------
66.0463382837243
-0.1
0.9
0.4
---------------------------------------------
66.0463382837243
-0.1
0.9
0.4
---------------------------------------------
64.7975321975003
-0.2
1
1.2
---------------------------------------------
64.4258145296407
-0.2
0.9
1.3
---------------------------------------------
64.4258145296407
-0.2
0.9
1.3
---------------------------------------------
64.735999193969
-0.2
1
1.1
---------------------------------------------
64.735999193969
-0.2
1
1.1
---------------------------------------------
64.5011300353677
-0.2
0.9
1.3
---------------------------------------------
66.3275538799166
0.1
0.1
0.2
---------------------------------------------
66.3275538799166
0.1
0.1
0.2
---------------------------------------------
66.8114438791396
0.1
-0.1
-0.2
---------------------------------------------
66.6558487857646
0
0
0.1
---------------------------------------------
66.6558487857646
0
0
0.1
---------------------------------------------
66.8228859853123
0.1
-0.1
-0.2
---------------------------------------------
66.8228859853123
0.1
-0.1
-0.2
---------------------------------------------
66.7113179318844
0
0
-0.1
---------------------------------------------
66.533412571034
-0.1
-0.1
0.1
---------------------------------------------
66.533412571034
-0.1
-0.1
0.1
---------------------------------------------
66.837781068069
0.1
-0.1
-0.1
---------------------------------------------
66.837781068069
0.1
-0.1
-0.1
---------------------------------------------
66.8571533282759
0.1
-0.2
-0.2
---------------------------------------------
66.8254269440353
0.1
-0.1
-0.2
---------------------------------------------
66.8254269440353
0.1
-0.1
-0.2
---------------------------------------------
66.8229517917193
0.1
-0.1
-0.2
---------------------------------------------
66.8229517917193
0.1
-0.1
-0.2
---------------------------------------------
66.6957315094362
0
0
-0.1
---------------------------------------------
66.8872946474752
0.1
-0.2
-0.2
---------------------------------------------
66.8872946474752
0.1
-0.2
-0.2
---------------------------------------------
66.9444266281567
0.1
-0.2
-0.1
---------------------------------------------
66.9444266281567
0.1
-0.2
-0.1
---------------------------------------------
67.0683834782758
0
0
-0.5
---------------------------------------------
67.0683834782758
0
0
-0.5
---------------------------------------------
67.1224873842622
0
-0.1
-0.4
---------------------------------------------
67.1224873842622
0
-0.1
-0.4
---------------------------------------------
66.8484430583618
0.1
-0.3
-0.2
---------------------------------------------
66.8484430583618
0.1
-0.3
-0.2
---------------------------------------------
66.8818731155904
0.1
-0.2
-0.2
---------------------------------------------
66.8818731155904
0.1
-0.2
-0.2
---------------------------------------------
66.572873100548
-0.1
0.1
0
---------------------------------------------
64.5148080780296
-0.1
0.4
1.3
---------------------------------------------
62.4815257986232
-0.2
0.9
2.5
---------------------------------------------
62.4815257986232
-0.2
0.9
2.5
---------------------------------------------
61.0349898061787
-0.3
1
4.9
---------------------------------------------
60.4461253621997
-0.3
1.3
5.9
---------------------------------------------
60.4461253621997
-0.3
1.3
5.9
---------------------------------------------
59.6720429321411
-0.4
1.5
7.4
---------------------------------------------
59.6720429321411
-0.4
1.5
7.4
---------------------------------------------
61.6725088204743
-0.3
1.1
5.5
---------------------------------------------
61.1460510863893
-0.4
1.2
5.4
---------------------------------------------
61.1460510863893
-0.4
1.2
5.4
---------------------------------------------
59.4004889342791
-0.7
1.3
5.6
---------------------------------------------
59.5907642374657
-0.8
1.4
5.5
---------------------------------------------
59.5907642374657
-0.8
1.4
5.5
---------------------------------------------
59.683723686752
-0.8
1.3
5.4
---------------------------------------------
59.683723686752
-0.8
1.3
5.4
---------------------------------------------
60.1382825379152
-0.6
1
5.1
---------------------------------------------
60.8559955766534
-0.6
0.9
4.6
---------------------------------------------
60.8559955766534
-0.6
0.9
4.6
---------------------------------------------
61.2474404177465
-0.5
0.8
4.3
---------------------------------------------
61.9943487071233
-0.4
0.7
3.9
---------------------------------------------
61.9943487071233
-0.4
0.7
3.9
---------------------------------------------
63.3709014467332
-0.2
0.5
3.7
---------------------------------------------
63.5662183610404
-0.2
0.5
3.6
---------------------------------------------
63.7369046636396
-0.2
0.4
3.3
---------------------------------------------
65.5686149518914
-0.1
0.3
1.2
---------------------------------------------
65.5686149518914
-0.1
0.3
1.2
---------------------------------------------
68.2473860756491
0.2
-0.2
-2.3
---------------------------------------------
68.2473860756491
0.2
-0.2
-2.3
---------------------------------------------
69.00510318026
0.2
-0.4
-3.1
---------------------------------------------
69.00510318026
0.2
-0.4
-3.1
---------------------------------------------
67.9413900979684
0.1
-0.5
-2
---------------------------------------------
67.9689026799802
0.2
-0.6
-2.5
---------------------------------------------
67.9689026799802
0.2
-0.6
-2.5
---------------------------------------------
68.2532152327517
0.2
-0.5
-2.6
---------------------------------------------
68.2127226956077
0.2
-0.5
-2.6
---------------------------------------------
68.2127226956077
0.2
-0.5
-2.6
---------------------------------------------
68.4975335032889
0.2
-0.5
-2.6
---------------------------------------------
68.9903385532482
0.2
-0.4
-2.8
---------------------------------------------
68.9903385532482
0.2
-0.4
-2.8
---------------------------------------------
71.1689354170995
0.5
-1
-5.4
---------------------------------------------
71.1689354170995
0.5
-1
-5.4
---------------------------------------------
73.3646338179127
0.5
-1.8
-9.2
---------------------------------------------
75.7013731464155
0.7
-2.7
-12.1
---------------------------------------------
75.7013731464155
0.7
-2.7
-12.1
---------------------------------------------
70.6948862235049
0.4
-0.8
-5.1
---------------------------------------------
70.6948862235049
0.4
-0.8
-5.1
---------------------------------------------
70.589275986864
0.5
-0.5
-4.6
---------------------------------------------
70.589275986864
0.5
-0.5
-4.6
---------------------------------------------
72.4950558660687
0.4
-1.5
-8
---------------------------------------------
72.4950558660687
0.4
-1.5
-8
---------------------------------------------
71.8407221122575
0.4
-1.2
-7.4
---------------------------------------------
71.8528577203914
0.4
-1.1
-7.3
---------------------------------------------
71.8528577203914
0.4
-1.1
-7.3
---------------------------------------------
71.6149803837688
0.4
-1.2
-7.3
---------------------------------------------
71.7441634772056
0.3
-1.1
-7.4
---------------------------------------------
71.7441634772056
0.3
-1.1
-7.4
---------------------------------------------
69.9093855493766
0.2
-0.3
-5
---------------------------------------------
69.9093855493766
0.2
-0.3
-5
---------------------------------------------
70.2023255293477
0.3
-0.5
-5.3
---------------------------------------------
69.9073571715548
0.3
-0.6
-5.2
---------------------------------------------
69.9073571715548
0.3
-0.6
-5.2
---------------------------------------------
70.0754740126271
0.3
-0.5
-5.2
---------------------------------------------
70.0489942642695
0.3
-0.4
-5.1
---------------------------------------------
70.0489942642695
0.3
-0.4
-5.1
---------------------------------------------
70.0148194390489
0.3
-0.5
-5
---------------------------------------------
69.9826739495596
0.3
-0.6
-5.2
---------------------------------------------
70.4267707549099
0.3
-0.5
-5.5
---------------------------------------------
70.4267707549099
0.3
-0.5
-5.5
---------------------------------------------
67.583829434803
0.1
-0.3
-2.3
---------------------------------------------
67.1074179739865
0
-0.1
-1.6
---------------------------------------------
67.1074179739865
0
-0.1
-1.6
---------------------------------------------
67.0080690372722
0
0
-1
---------------------------------------------
67.0080690372722
0
0
-1
---------------------------------------------
64.7129528248528
-0.1
0.3
3.2
---------------------------------------------
64.7129528248528
-0.1
0.3
3.2
---------------------------------------------
63.4853226860459
-0.2
0.7
4.6
---------------------------------------------
63.4853226860459
-0.2
0.7
4.6
---------------------------------------------
60.4451165294892
-0.4
1.7
6.8
---------------------------------------------
59.9007053736446
-0.5
2
7.3
---------------------------------------------
59.9007053736446
-0.5
2
7.3
---------------------------------------------
60.0332279522044
-0.5
1.8
6.8
---------------------------------------------
60.5863477748967
-0.5
1.8
6.4
---------------------------------------------
60.5863477748967
-0.5
1.8
6.4
---------------------------------------------
60.9295411251791
-0.5
1.6
6.1
---------------------------------------------
60.7886394731169
-0.5
1.5
6
---------------------------------------------
60.7886394731169
-0.5
1.5
6
---------------------------------------------
61.0048704848517
-0.5
1.6
6
---------------------------------------------
61.0048704848517
-0.5
1.6
6
---------------------------------------------
61.0257654943386
-0.5
1.5
6
---------------------------------------------
60.9155787583408
-0.4
1.6
6.3
---------------------------------------------
60.9155787583408
-0.4
1.6
6.3
---------------------------------------------
62.6502102112634
-0.2
1.1
5.4
---------------------------------------------
62.6502102112634
-0.2
1.1
5.4
---------------------------------------------
62.401600873968
-0.3
1
5.4
---------------------------------------------
62.1425600040063
-0.3
1.2
5.7
---------------------------------------------
62.1425600040063
-0.3
1.2
5.7
---------------------------------------------
60.3915427112193
-0.4
1.5
6.8
---------------------------------------------
62.4774166006393
-0.3
1.1
5.4
---------------------------------------------
62.4774166006393
-0.3
1.1
5.4
---------------------------------------------
62.4310569741421
-0.3
0.9
5.1
---------------------------------------------
62.4310569741421
-0.3
0.9
5.1
---------------------------------------------
62.2010718589706
-0.3
1
5.2
---------------------------------------------
62.4069513601121
-0.3
1.1
5.2
---------------------------------------------
62.4069513601121
-0.3
1.1
5.2
---------------------------------------------
62.279739840443
-0.3
1
5.3
---------------------------------------------
62.3096393862076
-0.3
1
5.2
---------------------------------------------
62.3096393862076
-0.3
1
5.2
---------------------------------------------
62.28168558858
-0.3
1
5.2
---------------------------------------------
62.2153793375621
-0.3
1
5.2
---------------------------------------------
62.2153793375621
-0.3
1
5.2
---------------------------------------------
62.4301516260264
-0.3
1.1
5.2
---------------------------------------------
62.268622622578
-0.3
1
5.2
---------------------------------------------
62.268622622578
-0.3
1
5.2
---------------------------------------------
62.4061173876722
-0.3
1.1
5.2
---------------------------------------------
62.3434513872269
-0.3
1
5.1
---------------------------------------------
62.3434513872269
-0.3
1
5.1
---------------------------------------------
62.4336314572015
-0.3
0.9
5
---------------------------------------------
62.450208710161
-0.3
0.9
5
---------------------------------------------
62.4936496291733
-0.3
0.9
5
---------------------------------------------
62.4936496291733
-0.3
0.9
5
---------------------------------------------
62.5619015608225
-0.3
1
5
---------------------------------------------
62.8357967271545
-0.3
0.9
4.8
---------------------------------------------
62.8357967271545
-0.3
0.9
4.8
---------------------------------------------
62.7654603192461
-0.3
0.9
4.8
---------------------------------------------
62.8754290303926
-0.3
0.9
4.8
---------------------------------------------
62.8754290303926
-0.3
0.9
4.8
---------------------------------------------
62.8775757612695
-0.3
0.9
4.8
---------------------------------------------
62.948085488848
-0.2
0.9
4.8
---------------------------------------------
62.948085488848
-0.2
0.9
4.8
---------------------------------------------
62.9448961602304
-0.2
0.9
4.7
---------------------------------------------
62.9448961602304
-0.2
0.9
4.7
---------------------------------------------
62.8438313049817
-0.3
0.8
4.8
---------------------------------------------
62.927691477937
-0.3
0.9
4.7
---------------------------------------------
62.927691477937
-0.3
0.9
4.7
---------------------------------------------
62.9373103381229
-0.3
0.8
4.7
---------------------------------------------
62.960610153322
-0.3
0.9
4.7
---------------------------------------------
62.918893081745
-0.3
0.9
4.7
---------------------------------------------
62.918893081745
-0.3
0.9
4.7
---------------------------------------------
62.8586308817767
-0.3
0.8
4.8
---------------------------------------------
62.9607103186892
-0.2
0.9
4.9
---------------------------------------------
62.9607103186892
-0.2
0.9
4.9
---------------------------------------------
63.0353170054378
-0.2
0.8
4.6
---------------------------------------------
63.3094335711492
-0.2
0.9
4.5
---------------------------------------------
63.3094335711492
-0.2
0.9
4.5
---------------------------------------------
63.1920183027774
-0.3
0.8
4.4
---------------------------------------------
63.1920183027774
-0.3
0.8
4.4
---------------------------------------------
62.805497478729
-0.3
0.8
4.6
---------------------------------------------
63.0437932421855
-0.3
0.9
4.5
---------------------------------------------
62.8983190395721
-0.3
0.8
4.5
---------------------------------------------
62.8983190395721
-0.3
0.8
4.5
---------------------------------------------
62.9420960826705
-0.3
0.8
4.5
---------------------------------------------
62.9554421207535
-0.3
0.8
4.5
---------------------------------------------
62.9554421207535
-0.3
0.8
4.5
---------------------------------------------
62.9037111080053
-0.3
0.8
4.5
---------------------------------------------
62.9784770371538
-0.3
0.8
4.5
---------------------------------------------
62.9607290983845
-0.3
0.8
4.5
---------------------------------------------
62.9607290983845
-0.3
0.8
4.5
---------------------------------------------
62.9899418454408
-0.3
0.8
4.5
---------------------------------------------
63.0133927017276
-0.3
0.8
4.4
---------------------------------------------
63.0133927017276
-0.3
0.8
4.4
---------------------------------------------
62.8995899311233
-0.3
0.8
4.5
---------------------------------------------
63.0842568178508
-0.3
0.8
4.5
---------------------------------------------
63.0842568178508
-0.3
0.8
4.5
---------------------------------------------
63.0077603546876
-0.3
0.8
4.4
---------------------------------------------
63.0519503960515
-0.3
0.8
4.4
---------------------------------------------
63.1861121805302
-0.2
0.9
4.5
---------------------------------------------
63.1861121805302
-0.2
0.9
4.5
---------------------------------------------
62.9813181566209
-0.3
0.8
4.4
---------------------------------------------
63.184721119735
-0.2
0.9
4.5
---------------------------------------------
63.184721119735
-0.2
0.9
4.5
---------------------------------------------
63.0967042376653
-0.3
0.8
4.4
---------------------------------------------
63.0997557094426
-0.3
0.9
4.5
---------------------------------------------
63.0997557094426
-0.3
0.9
4.5
---------------------------------------------
62.4167979489006
-0.3
1
5
---------------------------------------------
59.8372551400596
-0.6
1.4
6.8
---------------------------------------------
60.6274606994229
-0.5
1.2
5.9
---------------------------------------------
60.6274606994229
-0.5
1.2
5.9
---------------------------------------------
60.740442295856
-0.6
1
5.3
---------------------------------------------
60.8361082261137
-0.6
1
5.3
---------------------------------------------
60.8361082261137
-0.6
1
5.3
---------------------------------------------
60.4452917572367
-0.6
1
5.5
---------------------------------------------
58.3225065665748
-0.7
1.4
7.2
---------------------------------------------
58.4097505944849
-0.8
1.5
6.9
---------------------------------------------
58.4097505944849
-0.8
1.5
6.9
---------------------------------------------
58.4822843417345
-0.8
1.4
6.8
---------------------------------------------
58.6756588052156
-0.8
1.5
6.8
---------------------------------------------
58.6756588052156
-0.8
1.5
6.8
---------------------------------------------
58.7317088622926
-0.8
1.4
6.7
---------------------------------------------
60.6062086966329
-0.5
1
5.9
---------------------------------------------
60.6062086966329
-0.5
1
5.9
---------------------------------------------
67.3910688150799
0.1
1.3
3
---------------------------------------------
69.0052803247315
0.3
0.5
1
---------------------------------------------
69.0052803247315
0.3
0.5
1
---------------------------------------------
69.7682178814328
0.3
-0.1
-0.9
---------------------------------------------
69.7682178814328
0.3
-0.1
-0.9
---------------------------------------------
71.1258325561206
0.4
-0.8
-2.8
---------------------------------------------
72.3866460583702
0.4
-1.1
-4.1
---------------------------------------------
72.3866460583702
0.4
-1.1
-4.1
---------------------------------------------
72.9841848307276
0.3
-1.5
-4.8
---------------------------------------------
72.9841848307276
0.3
-1.5
-4.8
---------------------------------------------
73.2692694262999
0.3
-1.6
-5.2
---------------------------------------------
73.256718285423
0.3
-1.9
-5.4
---------------------------------------------
73.256718285423
0.3
-1.9
-5.4
---------------------------------------------
73.3453845929863
0.3
-2.2
-5.7
---------------------------------------------
73.3453845929863
0.3
-2.2
-5.7
---------------------------------------------
73.2509623195498
0.3
-2.3
-5.7
---------------------------------------------
65.8192240318445
0
0.1
0.8
---------------------------------------------
68.0599987216579
0.1
-0.3
-3.1
---------------------------------------------
68.0599987216579
0.1
-0.3
-3.1
---------------------------------------------
67.1769221238328
0.1
-0.1
-1.8
---------------------------------------------
67.1769221238328
0.1
-0.1
-1.8
---------------------------------------------
67.3337171485642
0.1
-0.2
-2.4
---------------------------------------------
67.4702908993242
0.1
-0.2
-2.2
---------------------------------------------
67.4702908993242
0.1
-0.2
-2.2
---------------------------------------------
67.3855829056545
0.1
-0.2
-2.3
---------------------------------------------
67.3855829056545
0.1
-0.2
-2.3
---------------------------------------------
66.3828702204631
0.1
0
-1.5
---------------------------------------------
66.430567140259
0.1
-0.1
-1.8
---------------------------------------------
66.430567140259
0.1
-0.1
-1.8
---------------------------------------------
66.3631310261959
0.1
0
-1.4
---------------------------------------------
66.3631310261959
0.1
0
-1.4
---------------------------------------------
66.6308364479219
0
0.1
-1.4
---------------------------------------------
66.6308364479219
0
0.1
-1.4
---------------------------------------------
66.6830532984822
0
0.1
-1.4
---------------------------------------------
66.6830532984822
0
0.1
-1.4
---------------------------------------------
66.5250682906258
0
-0.1
-1.6
---------------------------------------------
66.4786246111239
0
-0.2
-1.7
---------------------------------------------
66.4786246111239
0
-0.2
-1.7
---------------------------------------------
66.6641886892602
0
0.1
-1.4
---------------------------------------------
65.9660943448596
0.1
0.2
-0.3
---------------------------------------------
66.1569118766629
-0.1
0.4
0
---------------------------------------------
66.1569118766629
-0.1
0.4
0
---------------------------------------------
66.5685352155675
0
0.2
-0.6
---------------------------------------------
66.5685352155675
0
0.2
-0.6
---------------------------------------------
67.3103401618638
0.1
-0.2
-1.7
---------------------------------------------
67.6516797370814
0.1
-0.1
-1.8
---------------------------------------------
67.6516797370814
0.1
-0.1
-1.8
---------------------------------------------
68.0789994804968
0.2
-0.2
-1.9
---------------------------------------------
68.0789994804968
0.2
-0.2
-1.9
---------------------------------------------
68.0891356477675
0.2
0
-2
---------------------------------------------
68.1754329163971
0.2
0
-2.3
---------------------------------------------
68.1754329163971
0.2
0
-2.3
---------------------------------------------
68.6936020053424
0.1
-1
-2.9
