---------------------------------------------
67.9601722448702
0.9
-1.3
-12.3
---------------------------------------------
67.9601722448702
0.9
-1.3
-12.3
---------------------------------------------
68.9236315675516
1
-1.9
-13.5
---------------------------------------------
68.9236315675516
1
-1.9
-13.5
---------------------------------------------
70.2377473566221
1.3
-1.7
-12.6
---------------------------------------------
70.9556695500608
1.3
-1.9
-12.9
---------------------------------------------
68.0186323861895
1.1
-1.5
-10.4
---------------------------------------------
68.0186323861895
1.1
-1.5
-10.4
---------------------------------------------
70.9305548964789
1.1
-2
-13.2
---------------------------------------------
70.9305548964789
1.1
-2
-13.2
---------------------------------------------
68.0220953106861
0.9
-1.9
-12.3
---------------------------------------------
72.7544991471969
1.8
-1.7
-11.5
---------------------------------------------
68.1669247725193
1.4
-0.7
-7.5
---------------------------------------------
68.1669247725193
1.4
-0.7
-7.5
---------------------------------------------
66.0771030477889
0.9
-1.1
-9.4
---------------------------------------------
68.1092819573416
0.9
-1.8
-12.9
---------------------------------------------
68.1092819573416
0.9
-1.8
-12.9
---------------------------------------------
63.5458908204445
0.5
1.3
-2.5
---------------------------------------------
63.5458908204445
0.5
1.3
-2.5
---------------------------------------------
63.2600838008635
0.7
-0.6
-3.9
---------------------------------------------
63.2600838008635
0.7
-0.6
-3.9
---------------------------------------------
63.3222625224143
0.7
-0.9
-4.7
---------------------------------------------
63.3222625224143
0.7
-0.9
-4.7
---------------------------------------------
63.0494163815934
0.6
-1
-4.6
---------------------------------------------
63.2196818036197
0.7
-1
-4.7
---------------------------------------------
63.2196818036197
0.7
-1
-4.7
---------------------------------------------
63.084785889987
0.6
-1
-4.8
---------------------------------------------
63.084785889987
0.6
-1
-4.8
---------------------------------------------
63.1403949101827
0.6
-1.1
-4.8
---------------------------------------------
63.2409240563331
0.7
-1.1
-4.9
---------------------------------------------
63.1545243234638
0.6
-1
-4.8
---------------------------------------------
63.1545243234638
0.6
-1
-4.8
---------------------------------------------
63.2710108456802
0.7
-1
-4.9
---------------------------------------------
63.2710108456802
0.7
-1
-4.9
---------------------------------------------
63.2328590183225
0.7
-1.1
-4.9
---------------------------------------------
63.2578987454522
0.7
-1.1
-4.9
---------------------------------------------
63.2578987454522
0.7
-1.1
-4.9
---------------------------------------------
63.2918330923706
0.7
-1.1
-5
---------------------------------------------
63.3325151550557
0.7
-1.1
-5.1
---------------------------------------------
63.3325151550557
0.7
-1.1
-5.1
---------------------------------------------
63.5879228595872
0.7
-1.1
-5.2
---------------------------------------------
63.3764705557029
0.7
-1.2
-5.1
---------------------------------------------
63.3764705557029
0.7
-1.2
-5.1
---------------------------------------------
63.3377399958413
0.7
-1.2
-5.1
---------------------------------------------
63.4515272680531
0.7
-1.1
-5.2
---------------------------------------------
63.4515272680531
0.7
-1.1
-5.2
---------------------------------------------
63.4344983123947
0.7
-1.2
-5.2
---------------------------------------------
63.728116589273
0.7
-1.1
-5.4
---------------------------------------------
63.728116589273
0.7
-1.1
-5.4
---------------------------------------------
63.7569657804853
0.7
-1.2
-5.6
---------------------------------------------
63.7965109233509
0.7
-1.3
-5.8
---------------------------------------------
64.24634045436
0.7
-1.4
-6.3
---------------------------------------------
64.4770524200293
0.7
-1.4
-6.4
---------------------------------------------
64.4770524200293
0.7
-1.4
-6.4
---------------------------------------------
64.5219101573112
0.7
-1.5
-6.6
---------------------------------------------
64.5510432882231
0.7
-1.6
-6.7
---------------------------------------------
64.5510432882231
0.7
-1.6
-6.7
---------------------------------------------
64.6990148305665
0.7
-1.6
-6.9
---------------------------------------------
64.6463379398417
0.7
-1.7
-6.9
---------------------------------------------
64.9462060542933
0.7
-1.7
-7.2
---------------------------------------------
64.9462060542933
0.7
-1.7
-7.2
---------------------------------------------
64.9554841480115
0.7
-1.8
-7.3
---------------------------------------------
64.966821548002
0.7
-1.9
-7.3
---------------------------------------------
64.966821548002
0.7
-1.9
-7.3
---------------------------------------------
64.9915421680516
0.7
-1.9
-7.4
---------------------------------------------
65.1624355394047
0.7
-1.9
-7.6
---------------------------------------------
65.1624355394047
0.7
-1.9
-7.6
---------------------------------------------
62.8718053342888
0.5
-0.9
-4.3
---------------------------------------------
62.8718053342888
0.5
-0.9
-4.3
---------------------------------------------
59.5895674928656
0.3
1.6
-0.5
---------------------------------------------
61.744287549754
0.5
-0.6
-3.1
---------------------------------------------
61.744287549754
0.5
-0.6
-3.1
---------------------------------------------
61.8179646138756
0.5
-0.5
-3.2
---------------------------------------------
61.8179646138756
0.5
-0.5
-3.2
---------------------------------------------
61.6382023455575
0.5
-0.6
-3.1
---------------------------------------------
62.0861294390738
0.5
-0.7
-3.1
---------------------------------------------
62.0861294390738
0.5
-0.7
-3.1
---------------------------------------------
62.0009371781814
0.5
-0.9
-2.9
---------------------------------------------
61.538666895298
0.4
-0.8
-2.7
---------------------------------------------
61.5930010442837
0.4
-0.8
-2.7
---------------------------------------------
61.5930010442837
0.4
-0.8
-2.7
---------------------------------------------
61.3801991992192
0.5
-0.9
-2.6
---------------------------------------------
61.3253602528975
0.4
-0.9
-2.6
---------------------------------------------
61.3253602528975
0.4
-0.9
-2.6
---------------------------------------------
61.3236069954791
0.4
-0.9
-2.6
---------------------------------------------
61.3362842297856
0.5
-0.9
-2.6
---------------------------------------------
61.4452235690284
0.4
-0.9
-2.6
---------------------------------------------
61.4452235690284
0.4
-0.9
-2.6
---------------------------------------------
61.3559577210261
0.5
-0.8
-2.5
---------------------------------------------
61.4410242210346
0.4
-0.8
-2.5
---------------------------------------------
61.4410242210346
0.4
-0.8
-2.5
---------------------------------------------
61.3222526535947
0.4
-0.8
-2.5
---------------------------------------------
61.2484451729192
0.4
-0.9
-2.6
---------------------------------------------
61.2484451729192
0.4
-0.9
-2.6
---------------------------------------------
61.4651954933905
0.5
-0.8
-2.6
---------------------------------------------
61.4651954933905
0.5
-0.8
-2.6
---------------------------------------------
62.1175768833997
0.4
-0.9
-3.1
---------------------------------------------
66.203528205703
0.9
-2.2
-9.1
---------------------------------------------
66.203528205703
0.9
-2.2
-9.1
---------------------------------------------
67.3026987645746
1.1
-2.1
-10.9
---------------------------------------------
67.3026987645746
1.1
-2.1
-10.9
---------------------------------------------
71.5332341743574
1.2
-3.4
-15.9
---------------------------------------------
71.5332341743574
1.2
-3.4
-15.9
---------------------------------------------
72.3260958200859
1.2
-4.3
-17.6
---------------------------------------------
72.3260958200859
1.2
-4.3
-17.6
---------------------------------------------
66.6890455033641
0.7
-2.3
-9.5
---------------------------------------------
66.6890455033641
0.7
-2.3
-9.5
---------------------------------------------
63.4731435003036
0.5
-1.2
-4.1
---------------------------------------------
62.6663479716179
0.6
-0.9
-3.1
---------------------------------------------
62.6663479716179
0.6
-0.9
-3.1
---------------------------------------------
63.3123869728727
0.5
-1.2
-3.8
---------------------------------------------
63.3123869728727
0.5
-1.2
-3.8
---------------------------------------------
65.568520856042
0.7
-2.2
-7.7
---------------------------------------------
65.1132119376926
0.7
-2.1
-6.8
---------------------------------------------
65.1132119376926
0.7
-2.1
-6.8
---------------------------------------------
65.4339219118134
0.7
-2.2
-6.9
---------------------------------------------
65.4339219118134
0.7
-2.2
-6.9
---------------------------------------------
64.4497410851438
0.7
-1.7
-5.9
---------------------------------------------
63.3630046478257
0.7
-1.4
-5.5
---------------------------------------------
63.3630046478257
0.7
-1.4
-5.5
---------------------------------------------
61.3599408664853
0.6
-1.1
-4.2
---------------------------------------------
61.5867792686252
0.6
-1.3
-4.5
---------------------------------------------
61.5867792686252
0.6
-1.3
-4.5
---------------------------------------------
61.4861861219797
0.6
-1.2
-4.3
---------------------------------------------
67.4702518293363
1
-2.7
-10.2
---------------------------------------------
67.4702518293363
1
-2.7
-10.2
---------------------------------------------
67.6393215451463
1.1
-2.2
-10.9
---------------------------------------------
67.6393215451463
1.1
-2.2
-10.9
---------------------------------------------
69.0518002640329
1.3
-2.7
-12.8
---------------------------------------------
69.0518002640329
1.3
-2.7
-12.8
---------------------------------------------
70.94594338166
1.6
-3.3
-15.3
---------------------------------------------
70.3007798682439
1.5
-3.2
-14.4
---------------------------------------------
70.3007798682439
1.5
-3.2
-14.4
---------------------------------------------
69.7468975086612
1.6
-3.1
-13.7
---------------------------------------------
69.7468975086612
1.6
-3.1
-13.7
---------------------------------------------
70.5901242997437
1.5
-3.3
-14.7
---------------------------------------------
71.2846769102757
1.6
-3.5
-15.8
---------------------------------------------
71.2846769102757
1.6
-3.5
-15.8
---------------------------------------------
71.6736581141542
1.7
-3.6
-16.3
---------------------------------------------
71.6736581141542
1.7
-3.6
-16.3
---------------------------------------------
71.8801436369797
1.7
-3.7
-16.4
---------------------------------------------
71.4427993034522
1.6
-3.6
-16
---------------------------------------------
71.4427993034522
1.6
-3.6
-16
---------------------------------------------
68.1530665887227
1.3
-3
-11.9
---------------------------------------------
68.2795912274841
1.3
-3.1
-11.9
---------------------------------------------
68.2795912274841
1.3
-3.1
-11.9
---------------------------------------------
67.8392024331451
1.2
-3
-11.6
---------------------------------------------
67.8392024331451
1.2
-3
-11.6
---------------------------------------------
67.2040746173344
1.1
-2.9
-11.1
---------------------------------------------
67.4650847514805
1.1
-2.9
-11.2
---------------------------------------------
67.6240243990561
1.1
-2.9
-11.5
---------------------------------------------
67.6240243990561
1.1
-2.9
-11.5
---------------------------------------------
67.262505486324
1
-2.7
-10.9
---------------------------------------------
67.8295751430842
1.1
-2.7
-11.8
---------------------------------------------
67.8295751430842
1.1
-2.7
-11.8
---------------------------------------------
67.2602272560844
1.1
-2.2
-11
---------------------------------------------
67.2602272560844
1.1
-2.2
-11
---------------------------------------------
66.4820246141729
1.1
-1.9
-9.9
---------------------------------------------
67.5050194660932
1.2
-2.3
-11.1
---------------------------------------------
67.1194334287459
1.3
-2.1
-10.7
---------------------------------------------
67.1194334287459
1.3
-2.1
-10.7
---------------------------------------------
66.8265575133021
1.3
-2
-10.4
---------------------------------------------
66.8265575133021
1.3
-2
-10.4
---------------------------------------------
66.703558677141
1.3
-1.8
-10.3
---------------------------------------------
66.6531107456569
1.2
-1.9
-10.3
---------------------------------------------
66.7962462529874
1.3
-1.9
-10.3
---------------------------------------------
66.7962462529874
1.3
-1.9
-10.3
---------------------------------------------
66.8260029232978
1.3
-1.9
-10.3
---------------------------------------------
66.7265600156502
1.3
-2
-10.4
---------------------------------------------
66.7265600156502
1.3
-2
-10.4
---------------------------------------------
66.8352361972334
1.3
-2
-10.4
---------------------------------------------
67.1876891818349
1.2
-2
-10.3
---------------------------------------------
67.1876891818349
1.2
-2
-10.3
---------------------------------------------
71.0147621706066
1.6
-3.1
-15.3
---------------------------------------------
71.0147621706066
1.6
-3.1
-15.3
---------------------------------------------
71.0366586810784
1.6
-3.3
-15.6
---------------------------------------------
71.1518144016532
1.6
-3.3
-15.8
---------------------------------------------
71.1518144016532
1.6
-3.3
-15.8
---------------------------------------------
71.0012146215787
1.6
-3.3
-15.5
---------------------------------------------
71.3047681459228
1.5
-3.3
-15.4
---------------------------------------------
71.3047681459228
1.5
-3.3
-15.4
---------------------------------------------
69.8740150520554
1.4
-2.9
-13.8
---------------------------------------------
69.8740150520554
1.4
-2.9
-13.8
---------------------------------------------
68.3090980892317
1.2
-2.4
-11.9
---------------------------------------------
68.3090980892317
1.2
-2.4
-11.9
---------------------------------------------
71.8750191031
1.2
-3.8
-16.2
---------------------------------------------
71.8750191031
1.2
-3.8
-16.2
---------------------------------------------
71.8392490937896
1.2
-3.8
-16.2
---------------------------------------------
72.4808702666758
1
-4.2
-17.2
---------------------------------------------
72.4808702666758
1
-4.2
-17.2
---------------------------------------------
72.8099061171355
1.1
-4.2
-17.6
---------------------------------------------
72.8099061171355
1.1
-4.2
-17.6
---------------------------------------------
72.3695831696831
1.2
-4.1
-16.9
---------------------------------------------
72.2751904896722
1.2
-4
-16.8
---------------------------------------------
72.2751904896722
1.2
-4
-16.8
---------------------------------------------
71.9208431616037
1.1
-4
-16.5
---------------------------------------------
71.9208431616037
1.1
-4
-16.5
---------------------------------------------
72.0887986063407
1.1
-4
-16.8
---------------------------------------------
72.0887986063407
1.1
-4
-16.8
---------------------------------------------
69.0368787324887
0.8
-2.7
-13.2
---------------------------------------------
67.1991564003041
0.8
-2.2
-10.6
---------------------------------------------
67.1991564003041
0.8
-2.2
-10.6
---------------------------------------------
66.8234262294912
0.8
-2.1
-9.9
---------------------------------------------
66.8234262294912
0.8
-2.1
-9.9
---------------------------------------------
66.4589840472156
0.8
-2.2
-9.7
---------------------------------------------
66.3871576358264
0.8
-2.2
-9.7
---------------------------------------------
66.3871576358264
0.8
-2.2
-9.7
---------------------------------------------
66.7085632944677
0.7
-2.1
-9.9
---------------------------------------------
66.7085632944677
0.7
-2.1
-9.9
---------------------------------------------
67.7324914504961
0.8
-2.3
-11.2
---------------------------------------------
68.0002829404517
0.8
-2.4
-11.9
---------------------------------------------
68.0002829404517
0.8
-2.4
-11.9
---------------------------------------------
67.9854913932703
0.9
-2.4
-11.9
---------------------------------------------
68.5795583770979
0.7
-2.6
-12.7
---------------------------------------------
68.5795583770979
0.7
-2.6
-12.7
---------------------------------------------
66.321450721247
0.6
-1.7
-10.5
---------------------------------------------
66.321450721247
0.6
-1.7
-10.5
---------------------------------------------
65.6406826280229
0.6
-1.6
-10
---------------------------------------------
65.6406826280229
0.6
-1.6
-10
---------------------------------------------
65.7502867537404
0.6
-1.6
-10.2
---------------------------------------------
66.4881960099239
0.7
-1.8
-10.8
---------------------------------------------
66.3213716968127
0.8
-1.9
-10.7
---------------------------------------------
66.4230390018018
0.8
-1.8
-10.8
---------------------------------------------
66.4230390018018
0.8
-1.8
-10.8
---------------------------------------------
66.7094066190224
0.8
-1.9
-11.2
---------------------------------------------
66.7094066190224
0.8
-1.9
-11.2
---------------------------------------------
66.8005045513489
0.9
-2
-11.3
---------------------------------------------
67.2268622727677
0.9
-2
-11.6
---------------------------------------------
67.2268622727677
0.9
-2
-11.6
---------------------------------------------
68.0662617185276
0.9
-2.3
-12.5
---------------------------------------------
68.0662617185276
0.9
-2.3
-12.5
---------------------------------------------
69.9138995371489
0.9
-3
-14.4
---------------------------------------------
72.0335175647614
1.1
-3.9
-16.7
---------------------------------------------
73.064013370134
1.3
-4.4
-17.8
---------------------------------------------
73.064013370134
1.3
-4.4
-17.8
---------------------------------------------
73.7002656186684
1.3
-4.5
-18.1
---------------------------------------------
73.7002656186684
1.3
-4.5
-18.1
---------------------------------------------
73.535085043378
1.3
-4.3
-17.7
---------------------------------------------
73.535085043378
1.3
-4.3
-17.7
---------------------------------------------
73.2843697976489
1.4
-4
-17.2
---------------------------------------------
73.6703971306327
1.4
-4.3
-17.7
---------------------------------------------
73.6703971306327
1.4
-4.3
-17.7
---------------------------------------------
73.6443905586014
1.4
-4.3
-17.8
---------------------------------------------
73.6443905586014
1.4
-4.3
-17.8
---------------------------------------------
73.3802381011873
1.4
-4.2
-17.5
---------------------------------------------
72.6440750083888
1.3
-3.2
-15.7
---------------------------------------------
72.6440750083888
1.3
-3.2
-15.7
---------------------------------------------
67.4392737423818
1.3
-1.3
-10.2
---------------------------------------------
67.4392737423818
1.3
-1.3
-10.2
---------------------------------------------
66.7828439172756
1.3
-1.4
-10
---------------------------------------------
67.4256055046943
1.3
-1.5
-10.5
---------------------------------------------
67.4256055046943
1.3
-1.5
-10.5
---------------------------------------------
67.3577510375529
1.3
-1.4
-10.4
---------------------------------------------
69.0072023937232
1.4
-1.6
-12.1
---------------------------------------------
69.0072023937232
1.4
-1.6
-12.1
---------------------------------------------
70.8044822080546
1.3
-2.4
-14.4
---------------------------------------------
70.8044822080546
1.3
-2.4
-14.4
---------------------------------------------
70.1015033242881
1.4
-2.2
-13.7
---------------------------------------------
71.0497481515846
0.8
-3.1
-14.9
---------------------------------------------
71.0497481515846
0.8
-3.1
-14.9
---------------------------------------------
67.0639185540103
1.1
-1.5
-10.5
---------------------------------------------
67.0639185540103
1.1
-1.5
-10.5
---------------------------------------------
66.6063259601622
1.1
-1.5
-10.1
---------------------------------------------
66.3191673775288
1.1
-1.4
-9.8
---------------------------------------------
66.3191673775288
1.1
-1.4
-9.8
---------------------------------------------
66.4823141414595
1.1
-1.4
-10.1
---------------------------------------------
66.4823141414595
1.1
-1.4
-10.1
---------------------------------------------
67.0466826582585
1.1
-1.6
-10.8
---------------------------------------------
67.4446007843385
1.2
-1.7
-11.1
---------------------------------------------
67.4446007843385
1.2
-1.7
-11.1
---------------------------------------------
67.3646902269622
1.2
-1.8
-11.3
---------------------------------------------
67.5597066764701
1.2
-1.8
-11.5
---------------------------------------------
67.853381180157
1.2
-1.8
-11.9
---------------------------------------------
67.853381180157
1.2
-1.8
-11.9
---------------------------------------------
66.2456131320176
0.7
-2
-9.8
---------------------------------------------
66.2456131320176
0.7
-2
-9.8
---------------------------------------------
65.2237090187543
0.5
-1.7
-8.6
---------------------------------------------
65.0941165859575
0.5
-1.8
-8.3
---------------------------------------------
65.0618341713856
0.6
-1.9
-8.4
---------------------------------------------
65.0618341713856
0.6
-1.9
-8.4
---------------------------------------------
65.1038099729927
0.6
-1.8
-8.3
---------------------------------------------
65.1038099729927
0.6
-1.8
-8.3
---------------------------------------------
65.0595414617899
0.6
-1.9
-8.4
---------------------------------------------
65.3087093750802
0.5
-1.7
-8.5
---------------------------------------------
65.3087093750802
0.5
-1.7
-8.5
---------------------------------------------
65.2130728778739
0.5
-1.8
-8.7
---------------------------------------------
65.2130728778739
0.5
-1.8
-8.7
---------------------------------------------
65.2489543755782
0.5
-1.8
-8.8
---------------------------------------------
65.0968600445327
0.6
-1.9
-8.6
---------------------------------------------
65.2752675144781
0.5
-1.8
-8.8
---------------------------------------------
65.2752675144781
0.5
-1.8
-8.8
---------------------------------------------
65.2976028221865
0.6
-1.8
-8.8
---------------------------------------------
65.2976028221865
0.6
-1.8
-8.8
---------------------------------------------
65.2905515432723
0.6
-1.8
-8.8
---------------------------------------------
65.169221305742
0.5
-1.8
-8.8
---------------------------------------------
65.169221305742
0.5
-1.8
-8.8
---------------------------------------------
58.0881728991345
0.1
-0.6
-1.8
---------------------------------------------
58.0881728991345
0.1
-0.6
-1.8
---------------------------------------------
58.5082563359466
0.1
-0.5
-2
---------------------------------------------
58.7333134957167
0.1
-0.6
-2
---------------------------------------------
58.7333134957167
0.1
-0.6
-2
---------------------------------------------
62.8431465228953
0.4
-0.8
-7.5
---------------------------------------------
62.8431465228953
0.4
-0.8
-7.5
---------------------------------------------
65.761759731256
0.6
-1.7
-10.6
---------------------------------------------
65.761759731256
0.6
-1.7
-10.6
---------------------------------------------
67.3421395923763
0.7
-2.2
-12.1
---------------------------------------------
67.3421395923763
0.7
-2.2
-12.1
---------------------------------------------
67.0259176594076
0.8
-2
-11.6
---------------------------------------------
66.6162099536034
0.8
-1.8
-11.1
---------------------------------------------
66.6162099536034
0.8
-1.8
-11.1
---------------------------------------------
63.6407371083742
0.6
-1.3
-7.7
---------------------------------------------
63.6407371083742
0.6
-1.3
-7.7
---------------------------------------------
63.0527978059331
0.5
-1.3
-7.5
---------------------------------------------
62.8248243146383
0.6
-1.3
-7.3
---------------------------------------------
62.8248243146383
0.6
-1.3
-7.3
---------------------------------------------
64.809797134537
0.8
-1.5
-8.9
---------------------------------------------
63.1417600611159
0.5
-1.7
-7.2
---------------------------------------------
63.1417600611159
0.5
-1.7
-7.2
---------------------------------------------
64.2642204396148
0.5
-2.1
-7.9
---------------------------------------------
64.6086773127285
0.5
-2.3
-8.3
---------------------------------------------
64.6086773127285
0.5
-2.3
-8.3
---------------------------------------------
65.2236583656792
0.4
-2.5
-8.5
---------------------------------------------
65.2236583656792
0.4
-2.5
-8.5
---------------------------------------------
63.4099187045585
0.4
-2.1
-7.1
---------------------------------------------
62.7494601308165
0.3
-1.8
-6.4
---------------------------------------------
61.4832722480441
0.3
-1.5
-5.2
---------------------------------------------
61.4832722480441
0.3
-1.5
-5.2
---------------------------------------------
60.8490778614235
0.2
-1.2
-4.3
---------------------------------------------
60.8490778614235
0.2
-1.2
-4.3
---------------------------------------------
60.4551289448926
0.2
-1.1
-3.9
---------------------------------------------
59.8939360747804
0.2
-1
-3.5
---------------------------------------------
59.8939360747804
0.2
-1
-3.5
---------------------------------------------
59.9564216736792
0.2
-0.9
-3.6
---------------------------------------------
59.9564216736792
0.2
-0.9
-3.6
---------------------------------------------
61.3084348301884
0.2
-1.2
-5.6
---------------------------------------------
61.3084348301884
0.2
-1.2
-5.6
---------------------------------------------
61.4531375495706
0.2
-1.1
-5.8
---------------------------------------------
61.2614384125133
0.2
-1.2
-5.7
---------------------------------------------
61.2614384125133
0.2
-1.2
-5.7
---------------------------------------------
61.111007238455
0.2
-1.2
-5.6
---------------------------------------------
61.111007238455
0.2
-1.2
-5.6
---------------------------------------------
62.3994726115244
0.3
-1.6
-6.3
---------------------------------------------
65.8993482859168
0.5
-2.9
-9.1
---------------------------------------------
65.6746985189238
0.5
-2.9
-8.9
---------------------------------------------
65.6746985189238
0.5
-2.9
-8.9
---------------------------------------------
65.3265363415151
0.4
-2.8
-8.7
---------------------------------------------
64.970556670896
0.4
-2.8
-8.5
---------------------------------------------
64.970556670896
0.4
-2.8
-8.5
---------------------------------------------
64.7010868089127
0.4
-2.7
-7.8
---------------------------------------------
64.7010868089127
0.4
-2.7
-7.8
---------------------------------------------
64.1575091001029
0.4
-2.6
-7.3
---------------------------------------------
63.3192159699509
0.3
-2.4
-6.8
---------------------------------------------
63.3192159699509
0.3
-2.4
-6.8
---------------------------------------------
60.7695046931062
0.2
-2
-5
---------------------------------------------
60.7695046931062
0.2
-2
-5
---------------------------------------------
60.1338842712786
0.2
-2
-4.6
---------------------------------------------
58.4767674972863
0.1
-1.9
-3.1
---------------------------------------------
57.44824255569
0
-1.8
-2.5
---------------------------------------------
57.6913463102656
0.1
-2.3
-2.1
---------------------------------------------
57.6913463102656
0.1
-2.3
-2.1
---------------------------------------------
60.4515093707653
0.1
-3.2
-3.2
---------------------------------------------
60.4515093707653
0.1
-3.2
-3.2
---------------------------------------------
59.7679785575717
0.1
-3.5
-2.1
---------------------------------------------
59.7679785575717
0.1
-3.5
-2.1
---------------------------------------------
59.255103267078
0.1
-3.7
-1.4
---------------------------------------------
62.0717563309619
0.2
-4.8
-2.7
---------------------------------------------
62.0717563309619
0.2
-4.8
-2.7
---------------------------------------------
65.3505841668241
0.4
-5.9
-5.1
---------------------------------------------
65.3505841668241
0.4
-5.9
-5.1
---------------------------------------------
65.9578046533322
0.4
-6.2
-5.5
---------------------------------------------
62.7948545800043
0.2
-5.8
-2.5
---------------------------------------------
62.7948545800043
0.2
-5.8
-2.5
---------------------------------------------
61.9169232311462
0.1
-6
-1.5
---------------------------------------------
61.9169232311462
0.1
-6
-1.5
---------------------------------------------
60.3111378188133
0.1
-5.7
0.1
---------------------------------------------
57.8958241688321
0
-4.9
2.5
---------------------------------------------
57.8958241688321
0
-4.9
2.5
---------------------------------------------
59.6031942661559
0.2
-5.4
1.6
---------------------------------------------
59.6031942661559
0.2
-5.4
1.6
---------------------------------------------
61.3455851737956
0.3
-6
0.7
---------------------------------------------
61.9295509335496
0.4
-6.2
0.5
---------------------------------------------
61.9295509335496
0.4
-6.2
0.5
---------------------------------------------
62.298480143036
0.4
-6.2
0.4
---------------------------------------------
63.6343945190909
0.4
-6.8
-0.9
---------------------------------------------
64.1360918823636
0.2
-7.5
-2.1
---------------------------------------------
64.1360918823636
0.2
-7.5
-2.1
---------------------------------------------
62.5824657943613
0.2
-7.1
-1.1
---------------------------------------------
62.5824657943613
0.2
-7.1
-1.1
---------------------------------------------
61.7770313779771
0.2
-6.8
-0.5
---------------------------------------------
61.3962774909123
0.2
-6.8
-0.2
---------------------------------------------
61.3962774909123
0.2
-6.8
-0.2
---------------------------------------------
61.4167027091744
0.2
-6.7
-0.2
---------------------------------------------
61.2658385338318
0.2
-6.5
0
---------------------------------------------
61.2658385338318
0.2
-6.5
0
---------------------------------------------
61.1614828050355
0.1
-6.6
0
---------------------------------------------
61.724760009051
0.2
-6.8
-0.3
---------------------------------------------
61.724760009051
0.2
-6.8
-0.3
---------------------------------------------
62.2272370290351
0.2
-7
-0.7
---------------------------------------------
62.2272370290351
0.2
-7
-0.7
---------------------------------------------
62.0051524180909
0.2
-7
-0.6
---------------------------------------------
60.9156276570402
0.1
-6.5
0
---------------------------------------------
60.9156276570402
0.1
-6.5
0
---------------------------------------------
59.9520816108332
0.1
-6.2
0.7
---------------------------------------------
59.9520816108332
0.1
-6.2
0.7
---------------------------------------------
59.1077721274389
0.1
-5.9
1.4
---------------------------------------------
58.7063293936064
0.1
-5.8
1.6
---------------------------------------------
58.7063293936064
0.1
-5.8
1.6
---------------------------------------------
61.8803073732923
0.2
-6.9
0
---------------------------------------------
63.397026236031
0.4
-7.4
-0.6
---------------------------------------------
63.397026236031
0.4
-7.4
-0.6
---------------------------------------------
63.2750444942467
0.4
-7.5
-0.6
---------------------------------------------
63.6055140266287
0.4
-7.5
-0.7
---------------------------------------------
63.6055140266287
0.4
-7.5
-0.7
---------------------------------------------
63.4754898630609
0.4
-7.5
-0.7
---------------------------------------------
64.0197154265021
0.4
-7.7
-1
---------------------------------------------
64.0197154265021
0.4
-7.7
-1
---------------------------------------------
65.3582833117677
0.4
-8
-1.9
---------------------------------------------
65.3582833117677
0.4
-8
-1.9
---------------------------------------------
66.7479076666246
0.5
-8.6
-2.7
---------------------------------------------
66.9789289466382
0.5
-8.9
-3
---------------------------------------------
66.9789289466382
0.5
-8.9
-3
---------------------------------------------
67.1260084819444
0.6
-9
-3.1
---------------------------------------------
67.1260084819444
0.6
-9
-3.1
---------------------------------------------
65.9016499721786
0.4
-8.3
-1.9
---------------------------------------------
63.4916467360203
0.2
-7.8
0.5
---------------------------------------------
63.4916467360203
0.2
-7.8
0.5
---------------------------------------------
61.9775274443738
0.2
-7.2
1.6
---------------------------------------------
61.9775274443738
0.2
-7.2
1.6
---------------------------------------------
60.8457677207409
0.2
-6.5
3.2
---------------------------------------------
59.1601585542115
0.2
-5.8
4.3
---------------------------------------------
59.1601585542115
0.2
-5.8
4.3
---------------------------------------------
58.5105163134584
0.1
-5.3
5.1
---------------------------------------------
57.8222714606728
0.1
-4.9
5.7
---------------------------------------------
64.9376802079356
0.8
-7.7
1.6
---------------------------------------------
53.1870270162259
-0.2
-4.3
6.7
---------------------------------------------
53.1870270162259
-0.2
-4.3
6.7
---------------------------------------------
52.9958892537365
-0.2
-4.3
6.9
---------------------------------------------
59.5789633898484
0.2
-5.8
4.5
---------------------------------------------
59.5965366241714
0.2
-5.9
4.4
---------------------------------------------
59.5206237073179
0.2
-6
4.4
---------------------------------------------
59.5206237073179
0.2
-6
4.4
---------------------------------------------
59.5314395604287
0.2
-6
4.5
---------------------------------------------
59.4197015440773
0.2
-6
4.4
---------------------------------------------
59.4197015440773
0.2
-6
4.4
---------------------------------------------
59.5896774821426
0.2
-5.9
4.5
---------------------------------------------
60.1236564317545
0.2
-6.1
4.2
---------------------------------------------
60.1236564317545
0.2
-6.1
4.2
---------------------------------------------
61.0199462466977
0.3
-6.5
3.9
---------------------------------------------
62.9817791276964
0.4
-7.7
2.6
---------------------------------------------
62.9817791276964
0.4
-7.7
2.6
---------------------------------------------
64.9611772419846
0.4
-8.4
-0.2
---------------------------------------------
64.9611772419846
0.4
-8.4
-0.2
---------------------------------------------
65.0885641479802
0.4
-8.3
-1.1
---------------------------------------------
65.0514541451068
0.4
-8.3
-1.2
---------------------------------------------
65.0514541451068
0.4
-8.3
-1.2
---------------------------------------------
65.1561366084205
0.4
-8.5
-0.9
---------------------------------------------
64.5102181240079
0.4
-8.4
0.7
---------------------------------------------
64.5102181240079
0.4
-8.4
0.7
---------------------------------------------
63.3803941335174
0.4
-7.9
2.3
---------------------------------------------
63.3803941335174
0.4
-7.9
2.3
---------------------------------------------
62.0148047734892
0.4
-7
3.3
---------------------------------------------
60.9107000159756
0.3
-6.4
3.7
---------------------------------------------
60.1838136921756
0.3
-6
3.6
---------------------------------------------
60.1838136921756
0.3
-6
3.6
---------------------------------------------
60.1603899946399
0.3
-6.1
3.6
---------------------------------------------
60.0959900754946
0.3
-6
3.7
---------------------------------------------
60.0959900754946
0.3
-6
3.7
---------------------------------------------
60.0709978414751
0.3
-6
3.7
---------------------------------------------
59.9873472758431
0.3
-5.9
4
---------------------------------------------
59.9873472758431
0.3
-5.9
4
---------------------------------------------
60.1355798977969
0.3
-6.4
4.4
---------------------------------------------
60.285362548491
0.3
-6.4
3.9
---------------------------------------------
60.285362548491
0.3
-6.4
3.9
---------------------------------------------
60.0843628987262
0.3
-6.4
3.8
---------------------------------------------
61.4012113421082
0.4
-6.9
3.5
---------------------------------------------
61.4012113421082
0.4
-6.9
3.5
---------------------------------------------
63.1499723496126
0.4
-7.9
2.4
---------------------------------------------
63.1499723496126
0.4
-7.9
2.4
---------------------------------------------
63.9974055614333
0.5
-8.5
1.3
---------------------------------------------
64.2845500014852
0.5
-8.6
1
---------------------------------------------
64.2845500014852
0.5
-8.6
1
---------------------------------------------
64.2088772260098
0.5
-8.5
1.2
---------------------------------------------
65.3358486173513
0.4
-9
0.3
---------------------------------------------
65.3358486173513
0.4
-9
0.3
---------------------------------------------
66.6627007604292
0.5
-9.7
-1.3
---------------------------------------------
66.6627007604292
0.5
-9.7
-1.3
---------------------------------------------
66.9947836502094
0.5
-9.7
-1.4
---------------------------------------------
66.9894432221965
0.6
-9.4
-1.6
---------------------------------------------
66.9894432221965
0.6
-9.4
-1.6
---------------------------------------------
67.8987321770222
0.7
-9.8
-2.5
---------------------------------------------
67.8987321770222
0.7
-9.8
-2.5
---------------------------------------------
67.0933542574293
0.7
-9.5
-1.7
---------------------------------------------
67.9252398042776
0.7
-10.1
-2.5
---------------------------------------------
67.9252398042776
0.7
-10.1
-2.5
---------------------------------------------
68.5350647112402
0.9
-10.8
-2.8
---------------------------------------------
67.9616908343275
0.7
-10.6
-1.9
---------------------------------------------
67.9616908343275
0.7
-10.6
-1.9
---------------------------------------------
67.8916647825955
0.7
-10.7
-2.2
---------------------------------------------
67.5642191705134
0.8
-10.6
-1.9
---------------------------------------------
68.0796454156803
0.8
-10.7
-2.2
---------------------------------------------
68.0796454156803
0.8
-10.7
-2.2
---------------------------------------------
67.4606999776992
0.9
-10.3
-1.8
---------------------------------------------
67.6785177994684
0.9
-10.3
-2
---------------------------------------------
67.6785177994684
0.9
-10.3
-2
---------------------------------------------
68.304221464087
0.9
-10.7
-2.7
---------------------------------------------
69.0892965423932
0.8
-11.1
-3.3
---------------------------------------------
69.0892965423932
0.8
-11.1
-3.3
---------------------------------------------
68.4026328818951
0.7
-10.8
-2.7
---------------------------------------------
67.6341583342114
0.7
-10.4
-2.1
---------------------------------------------
67.6341583342114
0.7
-10.4
-2.1
---------------------------------------------
67.5430331348022
0.7
-10.3
-1.9
---------------------------------------------
69.1076973162463
0.7
-10.5
-3.7
---------------------------------------------
69.4352329903622
0.7
-10.2
-4.2
---------------------------------------------
69.4352329903622
0.7
-10.2
-4.2
---------------------------------------------
70.0548142619764
0.7
-10.5
-5.2
---------------------------------------------
70.0548142619764
0.7
-10.5
-5.2
---------------------------------------------
68.538693889717
0.6
-9.8
-4
---------------------------------------------
67.28262962874
0.6
-9.2
-3
---------------------------------------------
66.8843551296931
0.6
-9
-2.7
---------------------------------------------
66.8843551296931
0.6
-9
-2.7
---------------------------------------------
66.290142701388
0.5
-8.7
-2.1
---------------------------------------------
66.290142701388
0.5
-8.7
-2.1
---------------------------------------------
65.9558794759537
0.5
-8.8
-1.5
---------------------------------------------
66.9095408775954
0.6
-9.2
-2.3
---------------------------------------------
67.0204583790983
0.5
-9.1
-2.4
---------------------------------------------
67.0204583790983
0.5
-9.1
-2.4
---------------------------------------------
67.2484527628274
0.6
-9.1
-2.7
---------------------------------------------
67.2484527628274
0.6
-9.1
-2.7
---------------------------------------------
67.7270316201714
0.6
-9.3
-3.1
---------------------------------------------
68.0555921046486
0.7
-9.4
-3.1
---------------------------------------------
68.0555921046486
0.7
-9.4
-3.1
---------------------------------------------
68.7949816552531
0.7
-9.9
-3.5
---------------------------------------------
70.4372819625312
1
-11
-5.2
---------------------------------------------
70.4372819625312
1
-11
-5.2
---------------------------------------------
70.6212281991314
1.2
-11.1
-5.2
---------------------------------------------
70.6212281991314
1.2
-11.1
-5.2
---------------------------------------------
71.3334880495986
1.1
-11.4
-5.6
---------------------------------------------
71.7806765049356
1.4
-11.8
-6.3
---------------------------------------------
71.7806765049356
1.4
-11.8
-6.3
---------------------------------------------
72.9889415466531
1.4
-12.7
-7.5
---------------------------------------------
72.8646716860502
1.2
-12.5
-7.3
---------------------------------------------
72.8646716860502
1.2
-12.5
-7.3
---------------------------------------------
72.7654250871006
1.2
-12.5
-7.4
---------------------------------------------
72.7654250871006
1.2
-12.5
-7.4
---------------------------------------------
72.9892495526385
1.3
-12.5
-7.7
---------------------------------------------
72.7808789276907
1.2
-12.4
-7.4
---------------------------------------------
72.7808789276907
1.2
-12.4
-7.4
---------------------------------------------
71.3680055235785
1.1
-11.6
-6
---------------------------------------------
71.3680055235785
1.1
-11.6
-6
---------------------------------------------
71.0362506483131
1.2
-11.4
-5.8
---------------------------------------------
71.0236788289771
1.1
-11.5
-5.9
---------------------------------------------
70.6088686242646
1.1
-11.2
-5.4
---------------------------------------------
70.6088686242646
1.1
-11.2
-5.4
---------------------------------------------
70.2645532420923
0.9
-11.1
-5
---------------------------------------------
68.9167522507234
0.8
-10.5
-4
---------------------------------------------
68.9167522507234
0.8
-10.5
-4
---------------------------------------------
68.7360180040992
0.9
-10.4
-3.8
---------------------------------------------
68.6221757352597
0.8
-10.3
-3.6
---------------------------------------------
68.6221757352597
0.8
-10.3
-3.6
---------------------------------------------
68.5296959301829
0.9
-10.2
-3.4
---------------------------------------------
69.1228776286983
0.8
-10.5
-4.1
---------------------------------------------
69.1228776286983
0.8
-10.5
-4.1
---------------------------------------------
69.9300295983235
0.9
-10.8
-4.7
---------------------------------------------
69.9300295983235
0.9
-10.8
-4.7
---------------------------------------------
70.085204620643
1.2
-10.8
-5.1
---------------------------------------------
70.7054795599387
1.1
-11.1
-5.7
---------------------------------------------
70.7054795599387
1.1
-11.1
-5.7
---------------------------------------------
72.0841127486621
1
-11.9
-7.1
---------------------------------------------
72.3120227058674
0.9
-12.2
-6.9
---------------------------------------------
72.3120227058674
0.9
-12.2
-6.9
---------------------------------------------
70.8865469871366
1.3
-10.4
-4.9
---------------------------------------------
70.8865469871366
1.3
-10.4
-4.9
---------------------------------------------
71.1963420143892
1.4
-10.6
-5.2
---------------------------------------------
71.1241457831715
1.4
-10.6
-5.2
---------------------------------------------
71.1241457831715
1.4
-10.6
-5.2
---------------------------------------------
68.8143078291977
0.7
-10
-2.9
---------------------------------------------
68.5784152750799
0.8
-9.9
-2.8
---------------------------------------------
68.5784152750799
0.8
-9.9
-2.8
---------------------------------------------
68.5493631400868
0.8
-10
-2.9
---------------------------------------------
68.5649435467524
0.8
-9.8
-2.9
---------------------------------------------
68.5649435467524
0.8
-9.8
-2.9
---------------------------------------------
68.9555685868121
0.8
-10.1
-3.7
---------------------------------------------
69.4360311727198
0.9
-10.2
-4.4
---------------------------------------------
69.4360311727198
0.9
-10.2
-4.4
---------------------------------------------
69.7417758177256
0.9
-10.4
-4.9
---------------------------------------------
70.2030583110666
0.8
-10.7
-5.2
---------------------------------------------
70.2030583110666
0.8
-10.7
-5.2
---------------------------------------------
70.6211089601149
0.9
-10.9
-5.6
---------------------------------------------
70.6211089601149
0.9
-10.9
-5.6
---------------------------------------------
70.7214390954904
0.9
-11
-5.8
---------------------------------------------
70.7214390954904
0.9
-11
-5.8
---------------------------------------------
70.664680074637
0.9
-11
-5.8
---------------------------------------------
70.664680074637
0.9
-11
-5.8
---------------------------------------------
70.6370809166301
0.9
-11
-5.8
---------------------------------------------
70.5819341166776
0.9
-11
-5.8
---------------------------------------------
70.6680782821653
0.9
-11
-5.8
---------------------------------------------
70.6680782821653
0.9
-11
-5.8
---------------------------------------------
70.6564347012884
0.8
-10.9
-5.7
---------------------------------------------
70.6456485894607
0.8
-11
-5.8
---------------------------------------------
70.6456485894607
0.8
-11
-5.8
---------------------------------------------
70.4171678326133
0.8
-10.9
-5.7
-