---------------------------------------------
58.0039218183698
0
0
0
---------------------------------------------
58.0039218183698
0
0
0
---------------------------------------------
58.0039218183698
0
0
0
---------------------------------------------
58.0039218183698
0
0
0
---------------------------------------------
58.0039218183698
0
0
0
---------------------------------------------
58.0039218183698
0
0
0
---------------------------------------------
58.0039218183698
0
0
0
---------------------------------------------
58.0039218183698
0
0
0
---------------------------------------------
58.0039218183698
0
0
0
---------------------------------------------
58.0039218183698
0
0
0
---------------------------------------------
58.0039218183698
0
0
0
---------------------------------------------
58.0039218183698
0
0
0
---------------------------------------------
58.0039218183698
0
0
0
