67.2846488451529,0.1,-0.8,-3.2,0,0
67.8653644821598,0.1,-1.1,-4.3,0,0
67.8653644821598,0.1,-1.1,-4.3,0,0
67.9715653152423,0.1,-0.9,-4.4,0,0
67.9715653152423,0.1,-0.9,-4.4,0,0
67.8965160307084,0.2,-1.1,-4.3,0,0
67.8965160307084,0.2,-1.1,-4.3,0,0
67.8516251720574,0.1,-1,-4.2,0,0
67.8516251720574,0.1,-1,-4.2,0,0
67.8500809018583,0.1,-1.2,-4.4,0,0
67.8500809018583,0.1,-1.2,-4.4,0,0
67.8615238675492,0.1,-1.2,-4.4,0,0
67.8615238675492,0.1,-1.2,-4.4,0,0
67.8918963387534,0.1,-1.1,-4.2,0,0
67.9597581153599,0.1,-1,-4.3,0,0
67.9597581153599,0.1,-1,-4.3,0,0
69.728779264885,0.2,-1.6,-6.3,0,0
69.728779264885,0.2,-1.6,-6.3,0,0
69.4827722003888,0.2,-1.4,-6.2,0,0
67.529456341924,0.1,-0.3,-3.8,0,0
67.3789296429048,0.1,-0.3,-3.8,0,0
67.3789296429048,0.1,-0.3,-3.8,0,0
67.3753937344874,0.1,-0.4,-3.8,0,0
67.3753937344874,0.1,-0.4,-3.8,0,0
67.3525522251094,0.1,-0.2,-3.5,0,0
67.3525522251094,0.1,-0.2,-3.5,0,0
67.2319037905349,0.1,-0.4,-3.7,0,0
67.3162271211319,0.1,-0.3,-3.5,0,0
67.3162271211319,0.1,-0.3,-3.5,0,0
67.4227721906394,0.1,-0.2,-3.8,0,0
67.4227721906394,0.1,-0.2,-3.8,-0.6,-4.1
67.6820640221927,0.1,-0.4,-4.3,-0.6,-4.1
68.8740016892934,0.2,-1.3,-6.3,-0.6,-4.3
68.8740016892934,0.2,-1.3,-6.3,-0.7,-4.4
68.8874848593946,0.2,-1.6,-6.3,-0.7,-4.5
68.8874848593946,0.2,-1.6,-6.3,-0.8,-4.6
66.9348073654535,0.1,-0.4,-2.3,-0.7,-4.5
66.9348073654535,0.1,-0.4,-2.3,-0.7,-4.4
66.3775879675767,0.1,-0.3,-1,-0.7,-4.1
66.3775879675767,0.1,-0.3,-1,-0.7,-3.9
66.8463771135203,0.1,-0.8,-1.4,-0.7,-3.7
66.8463771135203,0.1,-0.8,-1.4,-0.7,-3.6
67.1058751047507,0.1,-0.3,-1,-0.6,-3.4
67.1058751047507,0.1,-0.3,-1,-0.6,-3.2
67.0178476909671,0.1,-0.3,-0.8,-0.6,-3
66.9369370314547,0.1,-0.4,-1,-0.6,-2.8
66.9369370314547,0.1,-0.4,-1,-0.6,-2.7
66.8474012219188,0.1,-0.3,-0.9,-0.5,-2.5
66.8474012219188,0.1,-0.3,-0.9,-0.5,-2.4
66.953017758208,0.1,-0.4,-0.9,-0.5,-2.2
66.953017758208,0.1,-0.4,-0.9,-0.5,-2.1
66.8861772069855,0.1,-0.3,-0.9,-0.5,-2
66.9002034847426,0.1,-0.7,-1.7,-0.5,-1.9
66.9002034847426,0.1,-0.7,-1.7,-0.5,-1.9
66.6295990608123,0.1,-0.4,-1.2,-0.5,-1.8
66.6295990608123,0.1,-0.4,-1.2,-0.5,-1.7
66.687660999309,0.1,-0.4,-1.1,-0.5,-1.6
66.687660999309,0.1,-0.4,-1.1,-0.5,-1.5
66.747675475973,0.1,-0.4,-1.1,-0.5,-1.4
66.9537760865136,0.1,-0.5,-1.5,-0.5,-1.4
66.9537760865136,0.1,-0.5,-1.5,-0.5,-1.4
66.9949015707699,0.1,-0.4,-1.8,-0.5,-1.4
66.9949015707699,0.1,-0.4,-1.8,-0.4,-1.3
70.0152144489394,0.3,-2,-7.2,-0.5,-1.7
70.0152144489394,0.3,-2,-7.2,-0.6,-2
71.3108249552373,0.3,-3,-9.3,-0.8,-2.5
71.3108249552373,0.3,-3,-9.3,-0.9,-3
72.358451693572,0.4,-3.6,-10.9,-1.1,-3.6
72.358451693572,0.4,-3.6,-10.9,-1.3,-4.1
72.3482380099931,0.3,-3.6,-11,-1.5,-4.6
72.2475635469623,0.4,-3.7,-11.2,-1.7,-5.2
72.2475635469623,0.4,-3.7,-11.2,-1.8,-5.7
73.6088698196079,0.4,-5.2,-13.7,-2.1,-6.3
73.6088698196079,0.4,-5.2,-13.7,-2.3,-6.9
70.7636095500179,0.3,-3.1,-9,-2.4,-7.2
70.7636095500179,0.3,-3.1,-9,-2.5,-7.5
68.4693892695323,0.2,-1.2,-5,-2.5,-7.4
68.4693892695323,0.2,-1.2,-5,-2.4,-7.4
65.7021518718963,0,0.5,-1,-2.3,-7.1
65.7021518718963,0,0.5,-1,-2.2,-6.9
65.4109976962022,0,0.1,-0.7,-2,-6.6
65.4109976962022,0,0.1,-0.7,-1.9,-6.2
66.361533963527,0.1,-0.6,-1.1,-1.8,-6
66.361533963527,0.1,-0.6,-1.1,-1.8,-5.7
67.0981676994979,0.1,-1.3,-1.6,-1.7,-5.4
67.0981676994979,0.1,-1.3,-1.6,-1.7,-5.2
66.2858253364139,0.1,-0.6,-0.1,-1.6,-4.9
66.4302402324999,0.1,-0.5,0,-1.6,-4.5
66.4302402324999,0.1,-0.5,0,-1.5,-4.2
66.5662735883367,0,-0.9,-0.5,-1.4,-3.9
66.5662735883367,0,-0.9,-0.5,-1.4,-3.5
64.4879303851996,0,0.3,1.9,-1.2,-3.1
64.4879303851996,0,0.3,1.9,-1.1,-2.6
64.4151100883707,-0.1,0.4,2.1,-1,-2.2
64.4151100883707,-0.1,0.4,2.1,-0.8,-1.7
63.2771467774087,-0.1,1.3,3.6,-0.6,-1.2
63.2771467774087,-0.1,1.3,3.6,-0.5,-0.7
63.3398592086696,-0.1,1.2,3.4,-0.3,-0.3
63.3398592086696,-0.1,1.2,3.4,-0.1,0.1
65.1504394780616,-0.1,0.6,1,0,0.4
67.4989996957962,0.1,-0.3,-3.5,0,0.3
67.4989996957962,0.1,-0.3,-3.5,0,0.2
69.54567538424,0.2,-2.2,-7.5,-0.1,-0.2
69.54567538424,0.2,-2.2,-7.5,-0.2,-0.6
70.0624023517324,0.2,-2.6,-8.7,-0.3,-1.1
69.6936756563612,0.2,-2.5,-8.6,-0.5,-1.6
69.6936756563612,0.2,-2.5,-8.6,-0.6,-2
69.5466774899633,0.2,-2.4,-8,-0.7,-2.5
69.5466774899633,0.2,-2.4,-8,-0.9,-2.9
69.5279828912837,0.2,-2.4,-8,-1,-3.3
69.2057101464047,0.2,-1.2,-6.4,-1,-3.6
69.2057101464047,0.2,-1.2,-6.4,-1,-3.9
68.7819648034403,0.2,-0.2,-5,-1,-4.1
68.7819648034403,0.2,-0.2,-5,-1,-4.2
68.5245042365616,0.1,0.1,-4.2,-0.9,-4.3
68.0966950726193,0.1,0.4,-2.8,-0.9,-4.3
68.0966950726193,0.1,0.4,-2.8,-0.8,-4.3
68.1173909165495,0.2,0.4,-2.7,-0.7,-4.3
68.1173909165495,0.2,0.4,-2.7,-0.7,-4.3
68.3715757451382,0.2,0.1,-3.2,-0.6,-4.4
68.3715757451382,0.2,0.1,-3.2,-0.6,-4.4
68.3850502026358,0.2,0.1,-3.2,-0.5,-4.4
68.3197104046869,0.2,0.1,-3.2,-0.5,-4.4
68.3197104046869,0.2,0.1,-3.2,-0.5,-4.3
68.3604430985193,0.2,0.1,-3.1,-0.4,-4.3
68.3604430985193,0.2,0.1,-3.1,-0.4,-4.3
68.3236258536974,0.2,0.1,-3.2,-0.4,-4.2
68.3236258536974,0.2,0.1,-3.2,-0.3,-4.1
68.4283235076772,0.2,0.1,-3.1,-0.3,-4.1
68.4130783972814,0.2,0.1,-3.1,-0.2,-4
68.4130783972814,0.2,0.1,-3.1,-0.2,-3.8
67.0247871595419,0.1,0.8,-1.5,-0.1,-3.6
67.0247871595419,0.1,0.8,-1.5,0,-3.4
67.3614888199443,0.1,0.7,-1.6,0.1,-3.2
67.3614888199443,0.1,0.7,-1.6,0.2,-3.1
67.2160498179632,0.1,0.8,-1.6,0.2,-2.9
67.2160498179632,0.1,0.8,-1.6,0.3,-2.7
67.0696528142041,0.1,0.6,-1.6,0.3,-2.6
67.2805991257106,0.1,0.8,-1.7,0.4,-2.5
67.2805991257106,0.1,0.8,-1.7,0.4,-2.4
67.0107679183745,0.1,0.6,-1.5,0.5,-2.3
67.0107679183745,0.1,0.6,-1.5,0.5,-2.2
66.968453156621,0.1,0.6,-1.5,0.5,-2.1
66.968453156621,0.1,0.6,-1.5,0.5,-2.1
66.8966504627016,0.1,0.6,-1.5,0.5,-2
66.9107519509264,0.1,0.6,-1.5,0.5,-2
66.9107519509264,0.1,0.6,-1.5,0.5,-1.9
67.1965599430302,0.1,0.7,-1.7,0.6,-1.9
67.1965599430302,0.1,0.7,-1.7,0.6,-1.8
67.1405460348387,0.1,0.7,-1.7,0.6,-1.8
67.1405460348387,0.1,0.7,-1.7,0.6,-1.8
67.0297990802922,0.1,0.6,-1.4,0.6,-1.7
67.2152991308367,0.1,0.7,-1.8,0.6,-1.7
67.2152991308367,0.1,0.7,-1.8,0.6,-1.7
66.9907288323958,0.1,0.5,-1.6,0.6,-1.7
67.0014247848473,0.1,0.6,-1.5,0.6,-1.7
67.0014247848473,0.1,0.6,-1.5,0.6,-1.6
67.1197350721556,0.1,0.6,-1.8,0.6,-1.6
67.1197350721556,0.1,0.6,-1.8,0.6,-1.6
67.0012846836571,0.1,0.6,-1.5,0.6,-1.6
67.0029037950637,0.1,0.6,-1.5,0.6,-1.6
67.0029037950637,0.1,0.6,-1.5,0.6,-1.6
67.055632055279,0.1,0.5,-1.5,0.6,-1.6
67.055632055279,0.1,0.5,-1.5,0.6,-1.6
67.3278705945294,0.1,0.7,-1.7,0.6,-1.6
67.3278705945294,0.1,0.7,-1.7,0.6,-1.6
67.0185361557203,0.1,0.5,-1.5,0.6,-1.6
67.4710650688965,0.1,0.4,-2.1,0.6,-1.6
67.4710650688965,0.1,0.4,-2.1,0.6,-1.7
67.3387996514762,0.1,0.5,-1.8,0.6,-1.7
67.3387996514762,0.1,0.5,-1.8,0.6,-1.7
67.4101735946896,0.1,0.4,-2.2,0.6,-1.7
67.3236499335648,0.1,0.5,-1.9,0.6,-1.7
67.2900680775612,0.1,0.5,-1.8,0.5,-1.7
67.2900680775612,0.1,0.5,-1.8,0.5,-1.8
67.3056171793994,0.1,0.4,-1.9,0.5,-1.8
67.1730853471288,0.1,0.3,-2.1,0.5,-1.8
67.1730853471288,0.1,0.3,-2.1,0.5,-1.8
67.4141529270383,0.1,0.4,-2.2,0.5,-1.8
67.4141529270383,0.1,0.4,-2.2,0.5,-1.9
69.8033022151736,0.2,-1.3,-5,0.4,-2.1
71.2858173479718,0.5,-1.3,-8,0.2,-2.5
71.2858173479718,0.5,-1.3,-8,0.1,-2.9
71.9375819414779,0.4,-2.3,-9.7,0,-3.3
71.4782091338271,0.3,-2.2,-9.5,-0.2,-3.8
71.4782091338271,0.3,-2.2,-9.5,-0.3,-4.2
70.7376746000787,0.3,-2,-8.5,-0.5,-4.6
68.3681024031362,0.2,-0.6,-4.6,-0.5,-4.6
68.3681024031362,0.2,-0.6,-4.6,-0.5,-4.7
68.5631123883312,0.2,-0.8,-5.2,-0.6,-4.8
68.5631123883312,0.2,-0.8,-5.2,-0.6,-4.9
68.5476910481172,0.2,-0.9,-5.3,-0.7,-5
68.7233273182743,0.2,-0.7,-4.9,-0.7,-5.1
68.7233273182743,0.2,-0.7,-4.9,-0.7,-5.1
68.323256102052,0.1,-0.4,-4.1,-0.7,-5.1
68.323256102052,0.1,-0.4,-4.1,-0.7,-5.1
68.2485905067016,0.2,-0.6,-4.2,-0.7,-5.1
68.1805457173321,0.1,-0.7,-4,-0.8,-5.1
68.1805457173321,0.1,-0.7,-4,-0.8,-5.1
68.0718277349689,0.1,-0.9,-4.3,-0.8,-5.1
68.1288093014193,0.1,-0.8,-4.1,-0.8,-5
68.1288093014193,0.1,-0.8,-4.1,-0.8,-5
68.1657505765877,0.2,-0.9,-4.2,-0.8,-5
68.1657505765877,0.2,-0.9,-4.2,-0.9,-4.9
68.0682468774257,0.1,-0.9,-4.3,-0.9,-4.9
68.0682468774257,0.1,-0.9,-4.3,-0.9,-4.8
68.1366176432812,0.1,-1,-4.3,-0.9,-4.8
67.0765009136983,0.1,-0.7,-4.2,-0.9,-4.7
67.0765009136983,0.1,-0.7,-4.2,-0.9,-4.7
65.7038020361329,0,0.1,-2.6,-0.8,-4.5
65.7038020361329,0,0.1,-2.6,-0.7,-4.3
64.9391028965236,0.1,0.4,-1,-0.6,-4.1
64.9391028965236,0.1,0.4,-1,-0.5,-3.8
65.0259439262957,0.1,0.5,-1.2,-0.5,-3.6
65.0259439262957,0.1,0.5,-1.2,-0.4,-3.4
65.3400168251464,0,0.5,-1.8,-0.3,-3.2
66.1561517465649,0.1,-0.1,-2.8,-0.3,-3.1
66.1561517465649,0.1,-0.1,-2.8,-0.3,-3.1
64.9841112787627,0.1,0.7,0.3,-0.2,-2.8
64.9841112787627,0.1,0.7,0.3,-0.1,-2.6
63.5187817591266,-0.1,2.4,5.3,0.1,-2
63.5187817591266,-0.1,2.4,5.3,0.2,-1.5
62.374876531461,-0.1,3.4,6.8,0.5,-0.9
61.8602955314157,-0.2,3.5,6.6,0.7,-0.3
61.8602955314157,-0.2,3.5,6.6,0.9,0.2
62.0228173070741,-0.2,3,5.8,1.1,0.7
62.0925208696197,-0.2,2.9,5.8,1.2,1.1
62.0925208696197,-0.2,2.9,5.8,1.4,1.6
66.9816196690919,0.1,-0.6,-0.9,1.3,1.5
67.2549833818275,0.1,-0.7,-1.5,1.2,1.5
67.4668035578014,0.1,-0.9,-2.3,1.1,1.3
67.4668035578014,0.1,-0.9,-2.3,1,1.2
67.6995908063827,0.1,-0.8,-2.8,0.9,1
67.6995908063827,0.1,-0.8,-2.8,0.9,0.9
68.1750135391815,0.1,-0.9,-3.7,0.8,0.6
68.1750135391815,0.1,-0.9,-3.7,0.7,0.4
68.667269518332,0.2,-1.3,-5.1,0.5,0.1
69.2628662486101,0.2,-1.6,-6.1,0.4,-0.3
69.2628662486101,0.2,-1.6,-6.1,0.2,-0.7
69.4832557866523,0.2,-1.7,-6.6,0.1,-1.1
69.4832557866523,0.2,-1.7,-6.6,0,-1.5
70.3303121790101,0.3,-2.2,-7.9,-0.2,-2
70.3303121790101,0.3,-2.2,-7.9,-0.4,-2.5
70.7139828363065,0.3,-2.6,-8.8,-0.6,-3
71.5985171449998,0.3,-3.7,-10.6,-0.8,-3.6
73.1683305358086,0.4,-5.1,-13.4,-1.1,-4.3
73.1683305358086,0.4,-5.1,-13.4,-1.5,-5.1
74.1825663939753,0.5,-6,-15.1,-1.8,-5.9
74.1825663939753,0.5,-6,-15.1,-2.2,-6.7
74.375853845331,0.5,-5.8,-15,-2.5,-7.5
74.375853845331,0.5,-5.8,-15,-2.8,-8.2
74.3767525661218,0.5,-5.2,-14.5,-3.1,-8.9
73.0929961059301,0.5,-3.2,-11.3,-3.2,-9.3
73.0929961059301,0.5,-3.2,-11.3,-3.3,-9.7
72.7723636792347,0.5,-2.8,-10.7,-3.3,-9.9
72.7723636792347,0.5,-2.8,-10.7,-3.4,-10.2
72.5787126772041,0.5,-2.9,-10.6,-3.4,-10.4
72.6958305063138,0.5,-2.7,-10.5,-3.4,-10.6
72.6958305063138,0.5,-2.7,-10.5,-3.4,-10.7
72.8463722686545,0.5,-2.9,-10.8,-3.4,-10.9
72.8463722686545,0.5,-2.9,-10.8,-3.4,-11
73.3322940899145,0.5,-3.7,-12.2,-3.5,-11.1
69.5870475127469,0.2,-1.8,-6.4,-3.4,-10.9
69.3852447559135,0.2,-1.6,-5.5,-3.3,-10.7
69.0328698548497,0.2,-1.4,-4.8,-3.2,-10.3
69.0328698548497,0.2,-1.4,-4.8,-3.1,-10
68.9682277600117,0.2,-1.5,-4.7,-3,-9.7
68.9682277600117,0.2,-1.5,-4.7,-2.9,-9.3
68.92118081231,0.2,-1.2,-4.6,-2.7,-9
68.92118081231,0.2,-1.2,-4.6,-2.6,-8.7
67.2632829087214,0.1,-0.3,-1.9,-2.4,-8.1
67.2632829087214,0.1,-0.3,-1.9,-2.3,-7.7
67.3940198185914,0.1,-0.7,-2,-2.1,-7.2
69.9079225729931,0.3,-2.3,-5.2,-2.1,-6.9
69.9079225729931,0.3,-2.3,-5.2,-2,-6.7
70.7491821902476,0.4,-3.7,-6.7,-2.1,-6.5
71.3422110607228,0.4,-4.6,-6.7,-2.2,-6.4
71.3422110607228,0.4,-4.6,-6.7,-2.3,-6.3
69.3693123021488,0.2,-3,-3.2,-2.3,-6
69.3693123021488,0.2,-3,-3.2,-2.4,-5.7
69.3047843728685,0.2,-3.2,-2.6,-2.4,-5.4
69.3047843728685,0.2,-3.2,-2.6,-2.4,-5.1
67.5737441264714,0.2,-1.4,-0.7,-2.4,-4.7
67.6178440427703,0.2,-1.4,-0.5,-2.3,-4.3
67.6178440427703,0.2,-1.4,-0.5,-2.3,-4
67.6348049091245,0.1,-1.3,-0.3,-2.2,-3.6
67.6348049091245,0.1,-1.3,-0.3,-2.1,-3.3
67.5977986556926,0.1,-1.4,-0.3,-2.1,-3
67.4933268593957,0.1,-1.3,-0.3,-2,-2.8
67.4933268593957,0.1,-1.3,-0.3,-2,-2.5
67.4904084423694,0.1,-1.3,-0.3,-1.9,-2.3
67.4904084423694,0.1,-1.3,-0.3,-1.9,-2.1
67.4797646344494,0.1,-1.3,-0.3,-1.9,-1.9
67.4797646344494,0.1,-1.3,-0.3,-1.8,-1.7
67.4008874643766,0.1,-1.1,0.1,-1.8,-1.6
67.3901668519373,0.1,-1.1,0.1,-1.7,-1.4
67.3901668519373,0.1,-1.1,0.1,-1.7,-1.2
67.4129886302226,0.1,-1.1,0,-1.6,-1.1
67.4129886302226,0.1,-1.1,0,-1.6,-1
67.4449715121534,0.1,-1.2,-0.1,-1.6,-0.8
67.4449715121534,0.1,-1.2,-0.1,-1.5,-0.7
67.3430633178464,0.1,-1.4,0,-1.5,-0.6
67.4318854506057,0.1,-1.4,-0.3,-1.5,-0.5
67.5348197915167,0.1,-1.3,-0.3,-1.4,-0.5
67.5348197915167,0.1,-1.3,-0.3,-1.4,-0.4
67.5565560824428,0.1,-1.5,-0.6,-1.4,-0.4
67.5565560824428,0.1,-1.5,-0.6,-1.4,-0.3
68.8879219220754,0.2,-2.4,-3.9,-1.4,-0.5
68.8879219220754,0.2,-2.4,-3.9,-1.5,-0.7
70.7783485054808,0.3,-3.5,-8.7,-1.6,-1.2
71.3227283404637,0.3,-3.7,-9.4,-1.7,-1.8
71.3227283404637,0.3,-3.7,-9.4,-1.9,-2.3
68.2663240406211,0.1,-1.8,-5.4,-1.9,-2.6
67.7544785817251,0.1,-1.4,-4.6,-1.9,-2.8
69.057364338837,0.2,-2.8,-7.4,-1.9,-3.1
69.2603589129466,0.2,-2.9,-7.7,-2,-3.5
69.2603589129466,0.2,-2.9,-7.7,-2.1,-3.9
69.8438870739364,0.2,-3.3,-8.7,-2.2,-4.3
69.8438870739364,0.2,-3.3,-8.7,-2.3,-4.7
69.7840309727497,0.2,-3.3,-8.6,-2.4,-5
69.608759370931,0.2,-3.2,-8.5,-2.5,-5.4
69.608759370931,0.2,-3.2,-8.5,-2.5,-5.7
69.4924489119767,0.2,-3.1,-8.2,-2.6,-6
69.4924489119767,0.2,-3.1,-8.2,-2.7,-6.2
68.6241754037067,0.2,-2.2,-6.4,-2.7,-6.4
68.6241754037067,0.2,-2.2,-6.4,-2.6,-6.5
67.1224668998969,0.1,-1.4,-3.4,-2.6,-6.4
67.1224668998969,0.1,-1.4,-3.4,-2.5,-6.3
66.7803815951199,0.1,-1.2,-1.1,-2.5,-6.1
66.7803815951199,0.1,-1.2,-1.1,-2.4,-5.8
66.1004143945527,0,-0.9,0.5,-2.3,-5.5
65.8862420320615,0.1,-0.8,1,-2.2,-5.1
65.8862420320615,0.1,-0.8,1,-2.1,-4.7
65.9053418827397,0.1,-0.9,1,-2,-4.3
65.9255416683139,0.1,-0.8,0.9,-1.9,-3.9
65.9255416683139,0.1,-0.8,0.9,-1.8,-3.5
66.0868670461177,0,-0.8,0.8,-1.7,-3.2
66.0868670461177,0,-0.8,0.8,-1.7,-2.8
67.5086853081086,0.1,-1.9,-1.7,-1.6,-2.6
67.5086853081086,0.1,-1.9,-1.7,-1.6,-2.5
67.9331301335182,0.1,-2.2,-2.8,-1.6,-2.4
67.8917969348217,0.1,-2.3,-2.8,-1.7,-2.3
67.8917969348217,0.1,-2.3,-2.8,-1.7,-2.2
68.1680072022852,0.1,-2.4,-3,-1.7,-2.2
68.1680072022852,0.1,-2.4,-3,-1.7,-2.1
68.0044764186118,0.1,-2.2,-2.7,-1.7,-2.1
67.7215439870702,0.1,-2.1,-2.2,-1.8,-2
67.7215439870702,0.1,-2.1,-2.2,-1.8,-1.9
67.0601676506029,0.1,-1.6,-1.2,-1.7,-1.8
67.0601676506029,0.1,-1.6,-1.2,-1.7,-1.7
66.349818667963,0.1,-0.8,-0.3,-1.7,-1.5
65.9343356459712,0,-0.4,0.4,-1.6,-1.4
65.9343356459712,0,-0.4,0.4,-1.5,-1.2
65.8692053394146,0.1,-0.5,0.7,-1.4,-1.1
65.8692053394146,0.1,-0.5,0.7,-1.4,-0.9
66.6933926850283,0.1,-1.2,-3.4,-1.4,-1.1
66.6933926850283,0.1,-1.2,-3.4,-1.4,-1.2
69.2626315796092,0.2,-2.8,-7.4,-1.4,-1.6
69.2626315796092,0.2,-2.8,-7.4,-1.5,-2
68.3978770509202,0.1,-2.2,-6.1,-1.6,-2.4
67.2973705204983,0.1,-1.6,-4.8,-1.6,-2.6
67.2973705204983,0.1,-1.6,-4.8,-1.6,-2.8
66.9611076701054,0.1,-1.3,-4.5,-1.6,-2.9
66.9611076701054,0.1,-1.3,-4.5,-1.6,-3.1
66.9682264747511,0.1,-1.4,-4.4,-1.6,-3.2
66.933043185818,0.1,-1.4,-4.6,-1.5,-3.4
66.933043185818,0.1,-1.4,-4.6,-1.5,-3.5
66.9207598609749,0.1,-1.5,-4.6,-1.5,-3.6
66.9207598609749,0.1,-1.5,-4.6,-1.5,-3.7
66.9202228287834,0.1,-1.4,-4.5,-1.5,-3.8
66.4540953491277,0.1,-0.6,-2.5,-1.4,-3.8
66.4540953491277,0.1,-0.6,-2.5,-1.4,-3.7
66.3974248173602,0.1,-0.7,-2.9,-1.3,-3.7
66.3974248173602,0.1,-0.7,-2.9,-1.3,-3.7
66.5895491691704,0.1,-0.9,-3.7,-1.2,-3.7
67.1138787706128,0.1,-1.4,-4.8,-1.2,-3.8
67.1138787706128,0.1,-1.4,-4.8,-1.2,-3.9
67.8875955552139,0.1,-2,-5.5,-1.3,-4.1
67.8875955552139,0.1,-2,-5.5,-1.3,-4.2
68.0811239314821,0.1,-2.1,-6,-1.4,-4.3
68.0811239314821,0.1,-2.1,-6,-1.4,-4.5
68.1920787663848,0.1,-2.1,-5.9,-1.5,-4.6
68.848382751594,0.2,-2.5,-7.2,-1.6,-4.8
68.848382751594,0.2,-2.5,-7.2,-1.6,-5
69.6690730643335,0.2,-3.2,-8.4,-1.7,-5.2
69.6690730643335,0.2,-3.2,-8.4,-1.8,-5.4
70.8547590751537,0.3,-4.1,-10,-2,-5.8
70.8547590751537,0.3,-4.1,-10,-2.1,-6.1
71.0240687005217,0.3,-3.9,-10.2,-2.3,-6.4
71.0240687005217,0.3,-3.9,-10.2,-2.4,-6.7
71.0270227497232,0.3,-4.1,-10.3,-2.5,-7
71.1112948751712,0.3,-4.1,-10.3,-2.7,-7.2
71.1112948751712,0.3,-4.1,-10.3,-2.8,-7.5
71.0827259653334,0.3,-4,-10.1,-2.9,-7.8
71.0827259653334,0.3,-4,-10.1,-3,-8
71.7134084529527,0.3,-4.6,-11.3,-3.2,-8.3
72.5526978502001,0.4,-5.3,-12.6,-3.3,-8.7
72.5526978502001,0.4,-5.3,-12.6,-3.5,-9
72.7508708744342,0.4,-4.7,-12,-3.6,-9.3
72.7508708744342,0.4,-4.7,-12,-3.8,-9.6
72.8707796728553,0.5,-4,-11.2,-3.8,-9.8
72.8707796728553,0.5,-4,-11.2,-3.9,-10
73.1986203868307,0.5,-4.3,-12.1,-4,-10.3
73.1986203868307,0.5,-4.3,-12.1,-4,-10.5
72.8664873931709,0.4,-4.6,-11.9,-4.1,-10.7
71.6278198659052,0.3,-4.6,-10.7,-4.2,-10.7
71.6278198659052,0.3,-4.6,-10.7,-4.2,-10.8
70.0595259515137,0.2,-2.9,-8,-4.2,-10.7
70.0595259515137,0.2,-2.9,-8,-4.1,-10.6
69.4977379006497,0.2,-2.4,-7,-4,-10.4
69.4977379006497,0.2,-2.4,-7,-3.9,-10.2
69.3607351746884,0.2,-2.3,-6.9,-3.8,-10
69.3607351746884,0.2,-2.3,-6.9,-3.7,-9.8
69.4808656760555,0.2,-2.2,-6.8,-3.6,-9.6
70.0617944383429,0.3,-2.8,-7.7,-3.6,-9.5
70.0617944383429,0.3,-2.8,-7.7,-3.5,-9.3
69.8371437156094,0.2,-2.8,-7.4,-3.4,-9.2
69.8371437156094,0.2,-2.8,-7.4,-3.4,-9
69.7852523063292,0.2,-2.9,-6.9,-3.3,-8.8
70.1493650361358,0.2,-3.1,-8.1,-3.3,-8.7
70.9564227748981,0.3,-4,-10.1,-3.3,-8.7
70.9564227748981,0.3,-4,-10.1,-3.3,-8.8
71.5197120374586,0.3,-4.3,-10.7,-3.4,-8.9
71.5197120374586,0.3,-4.3,-10.7,-3.4,-8.9
71.7111126053535,0.4,-4.5,-11.1,-3.5,-9
71.7142065452123,0.3,-4.6,-11.1,-3.5,-9.1
71.7142065452123,0.3,-4.6,-11.1,-3.6,-9.2
71.714601968867,0.3,-4.3,-10.9,-3.6,-9.3
71.7083980845286,0.3,-4.2,-10.7,-3.6,-9.4
71.7083980845286,0.3,-4.2,-10.7,-3.7,-9.5
71.0094171760974,0.3,-3.7,-9,-3.7,-9.4
70.6888913335325,0.3,-3.4,-8.5,-3.7,-9.4
70.3128146211496,0.2,-3,-7.2,-3.6,-9.2
70.3128146211496,0.2,-3,-7.2,-3.6,-9.1
69.7368739814018,0.2,-2.7,-6.2,-3.6,-8.9
69.7368739814018,0.2,-2.7,-6.2,-3.5,-8.8
69.9049931032732,0.2,-2.6,-6.3,-3.5,-8.6
69.9049931032732,0.2,-2.6,-6.3,-3.4,-8.5
69.9178260799053,0.2,-2.9,-6.6,-3.4,-8.4
69.9178260799053,0.2,-2.9,-6.6,-3.4,-8.3
69.9972111454021,0.2,-2.9,-6.6,-3.3,-8.1
69.9972111454021,0.2,-2.9,-6.6,-3.3,-8
70.3939209480977,0.3,-3.2,-7.1,-3.3,-8
70.3939209480977,0.3,-3.2,-7.1,-3.3,-7.9
70.6275274934307,0.3,-3.4,-7.1,-3.3,-7.8
70.6916625148903,0.3,-3.4,-7.4,-3.3,-7.7
70.6916625148903,0.3,-3.4,-7.4,-3.3,-7.7
70.7152721356555,0.3,-3.5,-7.5,-3.3,-7.6
70.7152721356555,0.3,-3.5,-7.5,-3.3,-7.6
70.4567763218195,0.3,-3.2,-7.3,-3.3,-7.5
70.4567763218195,0.3,-3.2,-7.3,-3.3,-7.5
70.1792334851276,0.2,-3.1,-6.8,-3.2,-7.4
70.1792334851276,0.2,-3.1,-6.8,-3.2,-7.3
70.1812872842029,0.2,-3.1,-7,-3.2,-7.2
70.1812872842029,0.2,-3.1,-7,-3.2,-7.2
70.6639217626968,0.3,-3.4,-8,-3.2,-7.2
70.5689527024036,0.3,-3.6,-8,-3.2,-7.2
70.5689527024036,0.3,-3.6,-8,-3.2,-7.2
70.6359144061897,0.3,-3.5,-8,-3.2,-7.3
70.6359144061897,0.3,-3.5,-8,-3.3,-7.3
70.6108700932914,0.3,-3.7,-8,-3.3,-7.4
70.6108700932914,0.3,-3.7,-8,-3.3,-7.4
70.6279901423799,0.3,-3.6,-8,-3.4,-7.5
70.6279901423799,0.3,-3.6,-8,-3.4,-7.5
70.6175253083777,0.3,-3.6,-8,-3.4,-7.6
70.5997469402665,0.3,-3.6,-8,-3.4,-7.6
70.5997469402665,0.3,-3.6,-8,-3.4,-7.7
70.7254472278942,0.3,-3.5,-8.2,-3.5,-7.7
70.7254472278942,0.3,-3.5,-8.2,-3.5,-7.8
70.7030068089023,0.3,-3.7,-8.4,-3.5,-7.8
70.7030068089023,0.3,-3.7,-8.4,-3.5,-7.9
70.7182590657645,0.3,-3.6,-8.3,-3.5,-7.9
70.6320876871187,0.3,-3.7,-8.1,-3.5,-7.9
70.7018594607853,0.3,-3.7,-8.3,-3.6,-8
70.7018594607853,0.3,-3.7,-8.3,-3.6,-8
70.7092794270568,0.2,-3.5,-8.2,-3.6,-8
70.7092794270568,0.2,-3.5,-8.2,-3.6,-8.1
70.6900559965623,0.3,-3.8,-8.4,-3.6,-8.1
70.6900559965623,0.3,-3.8,-8.4,-3.6,-8.1
70.7542426634546,0.3,-3.7,-8.4,-3.6,-8.2
70.7542426634546,0.3,-3.7,-8.4,-3.6,-8.2
70.7359745972056,0.3,-3.6,-8.4,-3.6,-8.2
70.7359745972056,0.3,-3.6,-8.4,-3.6,-8.2
70.8274205385415,0.3,-3.6,-8.3,-3.6,-8.3
70.2014441324892,0.2,-3.2,-7.7,-3.6,-8.2
70.2014441324892,0.2,-3.2,-7.7,-3.6,-8.2
67.1670409075428,0.1,-1.1,-2.2,-3.4,-7.8
67.1670409075428,0.1,-1.1,-2.2,-3.3,-7.4
63.8122429788849,-0.1,1.6,4.1,-2.9,-6.7
63.8122429788849,-0.1,1.6,4.1,-2.6,-5.9
63.8042765264556,-0.1,2.2,4.6,-2.3,-5.2
64.2787864720107,-0.1,1.8,4.2,-2,-4.5
64.2787864720107,-0.1,1.8,4.2,-1.7,-3.8
65.3926179790943,0.1,0.7,2.4,-1.5,-3.3
65.6244645690251,0,0.6,2.5,-1.3,-2.8
65.6244645690251,0,0.6,2.5,-1.1,-2.3
65.5836737613583,0,0.4,2.5,-0.9,-1.8
65.5836737613583,0,0.4,2.5,-0.8,-1.4
65.6204647293466,0,0.5,2.5,-0.6,-1
65.6204647293466,0,0.5,2.5,-0.5,-0.6
65.8732567410184,0.1,0.2,2.3,-0.4,-0.2
65.8732567410184,0.1,0.2,2.3,-0.3,0.1
65.7432993265738,0,0.6,2.6,-0.2,0.4
65.7432993265738,0,0.6,2.6,0,0.7
66.4358895119836,0.1,-1.1,0.7,0,0.9
66.4358895119836,0.1,-1.1,0.7,-0.1,1
66.8031430205048,0.1,-1.3,-0.3,-0.1,1.1
66.8031430205048,0.1,-1.3,-0.3,-0.1,1.2
67.8197996344751,0.1,-2,-4.9,-0.2,0.9
69.9340601689698,0.2,-3.2,-8.5,-0.4,0.4
69.9340601689698,0.2,-3.2,-8.5,-0.5,-0.1
72.2761789585335,0.3,-4.7,-12,-0.8,-0.9
72.2761789585335,0.3,-4.7,-12,-1.1,-1.6
68.8933911804682,0.2,-2.1,-4.3,-1.2,-1.8
68.8933911804682,0.2,-2.1,-4.3,-1.2,-2.1
69.4753517720233,0.3,-3.3,-5.2,-1.4,-2.4
69.4753517720233,0.3,-3.3,-5.2,-1.6,-2.7
65.9411935836947,0.1,-1.7,1.2,-1.7,-2.5
65.9411935836947,0.1,-1.7,1.2,-1.7,-2.4
66.9200555282317,0.1,-1.7,-2.5,-1.8,-2.6
66.9200555282317,0.1,-1.7,-2.5,-1.8,-2.7
69.448974254187,0.2,-3.3,-6.6,-2,-3
69.448974254187,0.2,-3.3,-6.6,-2.1,-3.4
72.4819296937845,0.4,-5.4,-11.1,-2.4,-4
72.4819296937845,0.4,-5.4,-11.1,-2.6,-4.5
73.8810520678221,0.5,-5.8,-12.3,-2.9,-5.2
73.2872936366188,0.4,-4.8,-10.7,-3.1,-5.7
73.2872936366188,0.4,-4.8,-10.7,-3.2,-6.1
71.666587130685,0.4,-3,-6.7,-3.3,-6.3
71.666587130685,0.4,-3,-6.7,-3.3,-6.4
71.4344407217402,0.4,-3.1,-6.5,-3.3,-6.6
71.4344407217402,0.4,-3.1,-6.5,-3.4,-6.7
70.8118587137186,0.3,-2.8,-5.8,-3.4,-6.7
70.8118587137186,0.3,-2.8,-5.8,-3.4,-6.7
70.5617848664746,0.3,-2.6,-5.4,-3.3,-6.7
70.5617848664746,0.3,-2.6,-5.4,-3.3,-6.6
70.5585859732946,0.3,-2.2,-5,-3.2,-6.6
70.5585859732946,0.3,-2.2,-5,-3.2,-6.5
70.8868530305054,0.3,-2.6,-5,-3.1,-6.4
70.8868530305054,0.3,-2.6,-5,-3.1,-6.3
70.951339123699,0.3,-2.7,-5.4,-3.1,-6.2
70.951339123699,0.3,-2.7,-5.4,-3,-6.2
71.1942389535702,0.3,-3.1,-6.1,-3,-6.2
71.1942389535702,0.3,-3.1,-6.1,-3,-6.2
71.3111710032269,0.3,-3.2,-6.3,-3,-6.2
71.5034010388843,0.3,-3.4,-6.5,-3.1,-6.2
71.5034010388843,0.3,-3.4,-6.5,-3.1,-6.3
71.3352596979815,0.3,-3.4,-6.6,-3.1,-6.3
71.3352596979815,0.3,-3.4,-6.6,-3.1,-6.3
70.2975309697647,0.3,-3.2,-6,-3.1,-6.3
70.2975309697647,0.3,-3.2,-6,-3.1,-6.2
70.2961513765023,0.3,-3.1,-6.4,-3.1,-6.2
70.2416631072208,0.3,-3.1,-6.5,-3.1,-6.2
70.2416631072208,0.3,-3.1,-6.5,-3.1,-6.2
70.1982660896441,0.3,-3,-6.4,-3,-6.1
70.1982660896441,0.3,-3,-6.4,-3,-6.1
70.1890443483408,0.3,-3.1,-6.5,-3,-6.1
70.4588950080501,0.2,-3.8,-7.9,-3.1,-6.2
70.4588950080501,0.2,-3.8,-7.9,-3.1,-6.4
70.3583101587929,0.2,-3.8,-7.8,-3.2,-6.5
70.3583101587929,0.2,-3.8,-7.8,-3.2,-6.6
66.7638762775847,0.1,-0.6,-1,-3.1,-6.2
66.7638762775847,0.1,-0.6,-1,-2.9,-5.9
68.9190382058224,0.2,-2,-3.4,-2.9,-5.8
68.9190382058224,0.2,-2,-3.4,-2.8,-5.6
68.7466115188009,0.2,-3.1,-4,-2.8,-5.5
68.7466115188009,0.2,-3.1,-4,-2.8,-5.4
65.2333863189681,0,-0.5,2.3,-2.7,-4.9
65.2333863189681,0,-0.5,2.3,-2.5,-4.4
68.5102836920084,0.2,-3,-4.5,-2.6,-4.3
68.5102836920084,0.2,-3,-4.5,-2.6,-4.3
72.3077642964311,0.3,-6.1,-11.7,-2.8,-4.7
72.3077642964311,0.3,-6.1,-11.7,-3,-5.1
71.8894197449771,0.5,-3.7,-7.5,-3,-5.3
70.2195803903684,0.2,-3.3,-5.4,-3,-5.2
70.2195803903684,0.2,-3.3,-5.4,-3.1,-5.2
65.883741388401,0.1,-1.7,-1.7,-3,-5
65.883741388401,0.1,-1.7,-1.7,-2.9,-4.8
68.8363677549266,0.1,-3,-4.3,-2.9,-4.7
68.8363677549266,0.1,-3,-4.3,-2.9,-4.7
68.5388116266873,0.2,-2.8,-2.4,-2.9,-4.5
68.5388116266873,0.2,-2.8,-2.4,-2.9,-4.3
69.3461276730232,0.2,-3.3,-5.7,-2.9,-4.4
69.3461276730232,0.2,-3.3,-5.7,-2.9,-4.4
70.2553874644912,0.4,-2.6,-6,-2.9,-4.5
70.2553874644912,0.4,-2.6,-6,-2.9,-4.6
68.7183286384115,0.2,-3.1,-3.2,-2.9,-4.5
68.7183286384115,0.2,-3.1,-3.2,-2.9,-4.4
71.4037579373308,0.4,-4.4,-7.9,-3,-4.6
71.4037579373308,0.4,-4.4,-7.9,-3.1,-4.9
72.8561255433174,0.4,-6.2,-12.1,-3.3,-5.4
72.8561255433174,0.4,-6.2,-12.1,-3.6,-5.8
68.9360756885767,0.2,-2.9,-4.5,-3.5,-5.8
68.9360756885767,0.2,-2.9,-4.5,-3.5,-5.8
67.9168663361042,0.1,-1.6,-2.2,-3.4,-5.6
67.9168663361042,0.1,-1.6,-2.2,-3.3,-5.4
68.2914451048964,0.1,-2.7,-3.9,-3.3,-5.3
68.2914451048964,0.1,-2.7,-3.9,-3.2,-5.3
70.684852492233,0.3,-4.5,-9.3,-3.3,-5.5
62.07267230608,-0.1,1.6,5.8,-3,-4.8
62.07267230608,-0.1,1.6,5.8,-2.7,-4.1
69.0188786013651,0.2,-2.1,-6.8,-2.6,-4.2
69.0188786013651,0.2,-2.1,-6.8,-2.6,-4.3
67.2945766677982,0.1,-1.6,-1.1,-2.5,-4.1
67.2945766677982,0.1,-1.6,-1.1,-2.4,-3.9
69.9387191591498,0.2,-3.6,-7.9,-2.5,-4.1
69.9387191591498,0.2,-3.6,-7.9,-2.5,-4.4
70.8981642254301,0.4,-4.4,-8.3,-2.6,-4.6
71.2814164817754,0.3,-4.6,-10.1,-2.8,-5
64.4702966906988,0,-0.9,1,-2.6,-4.6
62.6385550477556,0,-5.4,10.2,-2.8,-3.6
62.6385550477556,0,-5.4,10.2,-3,-2.7
60.801627219898,-0.1,-4.5,11.6,-3.1,-1.7
60.801627219898,-0.1,-4.5,11.6,-3.1,-0.7
60.777872035332,-0.1,-3.6,12.7,-3.2,0.3
60.777872035332,-0.1,-3.6,12.7,-3.2,1.2
60.1160392838157,-0.1,-3.1,13,-3.2,2.2
60.1160392838157,-0.1,-3.1,13,-3.2,3.1
59.8400941971277,-0.1,-3.1,12.3,-3.2,3.9
59.8400941971277,-0.1,-3.1,12.3,-3.2,4.7
63.7088277624376,0,-5.3,8.6,-3.3,5.2
63.7088277624376,0,-5.3,8.6,-3.5,5.6
65.5268443980607,0,-6.6,6.5,-3.7,5.9
65.5855593901114,0,-6.7,6.4,-3.9,6.1
65.5855593901114,0,-6.7,6.4,-4.2,6.4
65.7028091591187,0,-6.7,4.7,-4.4,6.4
65.7028091591187,0,-6.7,4.7,-4.6,6.5
65.6233755973792,0,-6.5,5,-4.8,6.6
65.6233755973792,0,-6.5,5,-4.9,6.7
66.1272792204647,0,-5.8,4.5,-5.1,6.6
66.9727674204928,0.1,-4.6,4,-5.1,6.6
66.9727674204928,0.1,-4.6,4,-5.1,6.6
68.3015594364889,0.1,-4.3,3.1,-5.1,6.5
68.3015594364889,0.1,-4.3,3.1,-5.1,6.3
68.9629693610618,0.1,-4.5,2.2,-5.1,6.1
68.9629693610618,0.1,-4.5,2.2,-5,5.9
69.1878097203269,0.1,-4.9,1.1,-5.1,5.6
69.1878097203269,0.1,-4.9,1.1,-5.1,5.3
67.6968808901259,0.1,-3.7,2.6,-5,5.1
67.6968808901259,0.1,-3.7,2.6,-4.9,4.8
64.8998866261381,0,-1.6,6.5,-4.7,4.8
62.4862123754238,-0.1,0.7,9.8,-4.4,5
62.060998918967,-0.1,1.6,11,-4,5.2
62.060998918967,-0.1,1.6,11,-3.6,5.5
82.9742480699113,3.9,-15.3,-17.5,-4.3,3.9
72.1243412363762,0.6,-4.4,1.4,-4.3,3.7
72.1243412363762,0.6,-4.4,1.4,-4.3,3.4
57.1332210183116,-0.2,2.7,13.7,-3.8,4
57.1332210183116,-0.2,2.7,13.7,-3.4,4.5
57.0404742687106,-0.2,2.9,13.9,-2.9,5.1
63.540658791954,0,0.6,9.6,-2.6,5.4
63.540658791954,0,0.6,9.6,-2.3,5.7
63.8539205505176,-0.1,0.4,9.2,-2.1,6
63.8539205505176,-0.1,0.4,9.2,-1.8,6.2
64.3864698707501,0,-0.2,8.9,-1.6,6.5
64.3864698707501,0,-0.2,8.9,-1.4,6.7
64.773237393481,-0.1,-0.2,8.6,-1.3,6.9
64.7287788920851,-0.1,-0.3,8.6,-1.1,7.1
64.7287788920851,-0.1,-0.3,8.6,-1,7.3
64.8812040298682,0,-0.2,8.6,-0.9,7.4
64.8812040298682,0,-0.2,8.6,-0.8,7.6
65.2769308173166,0,-0.3,8.6,-0.7,7.8
65.2769308173166,0,-0.3,8.6,-0.6,7.9
67.6280198877176,0.1,-2.7,5.8,-0.7,7.9
68.8991654424792,0.1,-3.7,2.8,-0.8,7.6
68.8991654424792,0.1,-3.7,2.8,-1,7.4
69.1272608327081,0.1,-3.6,1.4,-1.1,7
69.1272608327081,0.1,-3.6,1.4,-1.3,6.7
69.0169956970373,0.1,-3.7,1.6,-1.4,6.4
69.1095898032083,0.1,-3.9,1.7,-1.6,6
69.1095898032083,0.1,-3.9,1.7,-1.8,5.7
67.7782344114216,0.1,-2.9,5.7,-1.9,5.7
67.7782344114216,0.1,-2.9,5.7,-2,5.6
65.8646931760722,0.1,-0.9,7.7,-1.9,5.7
65.8646931760722,0.1,-0.9,7.7,-1.9,5.9
64.9860182504943,0.1,-0.2,8.3,-1.8,5.9
64.9723884405908,0.1,-0.2,8.3,-1.7,6
64.9723884405908,0.1,-0.2,8.3,-1.7,6.1
64.9362256168842,0.1,-0.2,8.3,-1.6,6.2
64.9533954970495,0.1,-0.1,8.3,-1.6,6.2
64.9533954970495,0.1,-0.1,8.3,-1.5,6.3
64.9862813000097,0.1,0,8.5,-1.4,6.5
68.9393805198387,0.2,-2.3,3.9,-1.5,6.3
68.7845172327761,0.2,-2.6,4.1,-1.5,6.1
68.7845172327761,0.2,-2.6,4.1,-1.6,6
68.6735231937537,0.2,-2.6,4.2,-1.7,5.9
68.6973000645588,0.2,-2.5,4.1,-1.7,5.7
68.6973000645588,0.2,-2.5,4.1,-1.8,5.6
69.5194426228734,0.2,-3.2,3.1,-1.9,5.4
69.5194426228734,0.2,-3.2,3.1,-2,5.3
70.6303434318558,0.2,-4.2,1,-2.1,5
70.6303434318558,0.2,-4.2,1,-2.2,4.7
71.1022074487444,0.2,-4.3,0.5,-2.4,4.5
71.1022074487444,0.2,-4.3,0.5,-2.5,4.2
71.8975034124695,0.2,-4.5,-0.9,-2.6,3.9
71.8103092840789,0.2,-4.2,-0.7,-2.7,3.5
71.8103092840789,0.2,-4.2,-0.7,-2.9,3.2
71.5255820326952,0.2,-4,-0.3,-2.9,2.9
71.5255820326952,0.2,-4,-0.3,-3,2.7
71.6809246375636,0.2,-4.2,-0.5,-3.2,2.4
72.2950051702023,0.2,-5.1,-1.4,-3.3,2
72.2950051702023,0.2,-5.1,-1.4,-3.5,1.7
73.2124705497586,0.3,-6.4,-2.5,-3.7,1.3
73.2124705497586,0.3,-6.4,-2.5,-4,0.9
72.5761517955714,0.2,-6.1,-1.2,-4.2,0.7
72.5761517955714,0.2,-6.1,-1.2,-4.4,0.4
72.4297137287759,0.2,-6.4,-1.2,-4.6,0.2
72.4297137287759,0.2,-6.4,-1.2,-4.7,0
72.5179980572433,0.3,-6.5,-1.3,-4.9,-0.2
72.7774989142475,0.2,-6.6,-1.8,-5.1,-0.4
72.7774989142475,0.2,-6.6,-1.8,-5.2,-0.6
72.7946750709748,0.3,-6.3,-1.9,-5.4,-0.8
72.7946750709748,0.3,-6.3,-1.9,-5.5,-0.9
72.9441221821389,0.3,-6.2,-2,-5.6,-1.1
72.9441221821389,0.3,-6.2,-2,-5.7,-1.2
73.0236770479048,0.3,-6.3,-3.5,-5.7,-1.4
73.0236770479048,0.3,-6.3,-3.5,-5.8,-1.6
72.9973942525243,0.3,-6.3,-4.4,-5.9,-1.8
72.1601482166239,0.2,-5.7,-3.4,-5.9,-2
72.1601482166239,0.2,-5.7,-3.4,-5.9,-2.1
71.7327668430792,0.2,-5.3,-2.7,-5.9,-2.2
71.5364514847154,0.2,-4.9,-2.3,-5.9,-2.2
71.5364514847154,0.2,-4.9,-2.3,-5.8,-2.3
71.0263889153585,0.2,-4.3,-1.6,-5.8,-2.3
71.0263889153585,0.2,-4.3,-1.6,-5.7,-2.3
71.6904602815015,0.2,-5.1,-2.5,-5.6,-2.3
71.6904602815015,0.2,-5.1,-2.5,-5.6,-2.3
71.8330342476976,0.3,-5,-3.3,-5.6,-2.4
71.8330342476976,0.3,-5,-3.3,-5.5,-2.5
72.8885132339457,0.3,-2.9,-4.7,-5.3,-2.7
72.8885132339457,0.3,-2.9,-4.7,-5.2,-2.8
73.0081101834367,0.3,-3.3,-5.3,-5,-3
73.3030647452144,0.3,-3.8,-6.2,-4.9,-3.2
73.3030647452144,0.3,-3.8,-6.2,-4.8,-3.5
71.726298294466,0.2,-2.9,-4.1,-4.6,-3.5
71.726298294466,0.2,-2.9,-4.1,-4.5,-3.6
70.4112771088685,0.2,-2,-2.4,-4.3,-3.6
70.4112771088685,0.2,-2,-2.4,-4.1,-3.5
70.0659298765629,0.2,-1.9,-1.9,-3.9,-3.4
69.6234526231969,0.2,-1.6,-1.4,-3.7,-3.3
69.6234526231969,0.2,-1.6,-1.4,-3.5,-3.2
69.530988601833,0.2,-1.7,-0.7,-3.3,-3.1
69.530988601833,0.2,-1.7,-0.7,-3.2,-2.9
69.9665956356478,0.2,-3.3,-1.4,-3.1,-2.8
69.9665956356478,0.2,-3.3,-1.4,-3.1,-2.7
70.0135343773287,0.2,-3.2,-1.5,-3.1,-2.6
70.0135343773287,0.2,-3.2,-1.5,-3,-2.5
70.194534164229,0.2,-4.2,-2.1,-3.1,-2.5
70.8181693816731,0.2,-4.3,-2.8,-3.1,-2.5
70.8181693816731,0.2,-4.3,-2.8,-3.1,-2.5
71.2148186985972,0.2,-4.6,-3.2,-3.2,-2.5
71.2148186985972,0.2,-4.6,-3.2,-3.3,-2.5
72.2367580259592,0.3,-5.4,-4.2,-3.4,-2.6
72.2367580259592,0.3,-5.4,-4.2,-3.5,-2.7
74.2270190219459,0.4,-7.4,-7.4,-3.8,-3
74.2270190219459,0.4,-7.4,-7.4,-4,-3.3
75.0548269144664,0.5,-8.3,-8.7,-4.3,-3.6
75.6834515292941,0.5,-8.8,-9.5,-4.7,-4
75.6834515292941,0.5,-8.8,-9.5,-5,-4.4
76.5254981985621,0.6,-9.9,-11.2,-5.3,-4.9
77.1252392325335,0.6,-10.5,-12.1,-5.8,-5.4
77.1252392325335,0.6,-10.5,-12.1,-6.1,-5.9
76.4657884909599,0.6,-9.6,-10.7,-6.4,-6.3
76.4657884909599,0.6,-9.6,-10.7,-6.7,-6.7
76.1683362243551,0.5,-9.3,-10.4,-7,-7
76.1683362243551,0.5,-9.3,-10.4,-7.3,-7.4
76.4164674791601,0.5,-9.5,-10.9,-7.5,-7.7
76.4164674791601,0.5,-9.5,-10.9,-7.8,-8.1
75.423166182657,0.5,-8.6,-9.2,-7.9,-8.3
75.423166182657,0.5,-8.6,-9.2,-8.1,-8.5
75.3018200627279,0.4,-8.5,-9.1,-8.2,-8.7
75.3018200627279,0.4,-8.5,-9.1,-8.3,-8.8
74.610510377439,0.4,-7,-7.5,-8.3,-8.9
73.9270998042097,0.3,-5.3,-5.7,-8.2,-8.8
73.9270998042097,0.3,-5.3,-5.7,-8.1,-8.7
72.9884331909001,0.2,-3.8,-3.3,-7.8,-8.4
71.5705456582192,0.2,-3.2,-1.6,-7.6,-8
71.5705456582192,0.2,-3.2,-1.6,-7.3,-7.6
71.3266730041244,0.2,-2.9,-1.2,-7,-7.2
71.3266730041244,0.2,-2.9,-1.2,-6.7,-6.8
71.4042405289939,0.2,-2.9,-1.1,-6.5,-6.4
71.4042405289939,0.2,-2.9,-1.1,-6.2,-6
71.4216282006904,0.2,-3.4,-1.8,-5.9,-5.7
72.2178590820937,0.2,-4.5,-3.2,-5.8,-5.4
72.2178590820937,0.2,-4.5,-3.2,-5.6,-5.2
73.1009108255076,0.3,-5,-4.5,-5.5,-5
73.1009108255076,0.3,-5,-4.5,-5.4,-4.8
73.9506822318085,0.3,-5.4,-5.8,-5.3,-4.8
73.9506822318085,0.3,-5.4,-5.8,-5.2,-4.7
74.2144248835902,0.3,-5.8,-6.5,-5.2,-4.7
74.2144248835902,0.3,-5.8,-6.5,-5.1,-4.7
74.238096271685,0.3,-5.4,-6.4,-5.1,-4.8
74.238096271685,0.3,-5.4,-6.4,-5,-4.8
73.6321029758121,0.3,-4.4,-4.4,-4.9,-4.7
73.6321029758121,0.3,-4.4,-4.4,-4.9,-4.6
74.5017484744417,0.4,-3.3,-4.6,-4.7,-4.6
74.5017484744417,0.4,-3.3,-4.6,-4.6,-4.5
74.6533819123391,0.4,-3.4,-4.9,-4.5,-4.5
74.5587675636099,0.4,-3.7,-5,-4.4,-4.5
74.5587675636099,0.4,-3.7,-5,-4.3,-4.6
73.3585867929439,0.3,-3.6,-3.4,-4.3,-4.5
73.3585867929439,0.3,-3.6,-3.4,-4.2,-4.4
70.5978241095403,0.2,-2.2,0,-4.1,-4.2
70.5978241095403,0.2,-2.2,0,-3.9,-3.9
71.2286977928831,0.2,-2.1,-0.1,-3.8,-3.7
71.2286977928831,0.2,-2.1,-0.1,-3.7,-3.5
71.2035372735671,0.2,-2.2,-0.2,-3.6,-3.2
71.257951591228,0.2,-2.2,-0.3,-3.5,-3
71.257951591228,0.2,-2.2,-0.3,-3.4,-2.9
71.1470530389698,0.2,-2.1,-0.2,-3.3,-2.7
71.1470530389698,0.2,-2.1,-0.2,-3.2,-2.5
71.4230718280807,0.2,-2.3,-1,-3.1,-2.3
71.4230718280807,0.2,-2.3,-1,-3,-2.2
71.9057753352897,0.2,-2.6,-2.1,-2.9,-2.1
71.9057753352897,0.2,-2.6,-2.1,-2.9,-2
72.0645383726063,0.2,-2.8,-2.5,-2.8,-2
72.0645383726063,0.2,-2.8,-2.5,-2.8,-2
72.2729906154002,0.2,-3,-2.7,-2.8,-1.9
72.2729906154002,0.2,-3,-2.7,-2.7,-1.9
72.7786042086937,0.2,-3.3,-3.4,-2.7,-2
72.802447065812,0.3,-3.4,-3.4,-2.8,-2
72.802447065812,0.3,-3.4,-3.4,-2.8,-2.1
72.5596519230886,0.2,-3.2,-3.2,-2.8,-2.1
72.5596519230886,0.2,-3.2,-3.2,-2.8,-2.2
72.4803547818791,0.2,-3.1,-3.1,-2.8,-2.2
72.3969788585716,0.3,-3.3,-3.2,-2.9,-2.3
72.3969788585716,0.3,-3.3,-3.2,-2.9,-2.3
72.4189051823891,0.3,-3.1,-3,-2.9,-2.4
72.4189051823891,0.3,-3.1,-3,-2.9,-2.4
72.4322129555216,0.3,-3.3,-3.1,-3,-2.5
72.4110936258472,0.3,-3.1,-3,-3,-2.6
72.4110936258472,0.3,-3.1,-3,-3,-2.6
72.305038332398,0.2,-3,-2.9,-3,-2.7
72.305038332398,0.2,-3,-2.9,-3,-2.8
72.0719727462559,0.2,-2.9,-2.7,-3,-2.8
72.0719727462559,0.2,-2.9,-2.7,-3,-2.8
72.2114039890429,0.2,-3.9,-3.6,-3.1,-2.9
72.2114039890429,0.2,-3.9,-3.6,-3.2,-3
72.5093920405937,0.3,-5.7,-5.2,-3.3,-3.1
72.3466963286729,0.3,-4,-4.7,-3.4,-3.3
72.3466963286729,0.3,-4,-4.7,-3.5,-3.4
72.3345986894099,0.3,-3.1,-4.7,-3.4,-3.5
72.3345986894099,0.3,-3.1,-4.7,-3.4,-3.6
72.2672400527367,0.3,-3.1,-4.6,-3.4,-3.7
72.2672400527367,0.3,-3.1,-4.6,-3.4,-3.8
72.1618312724162,0.2,-3,-3.2,-3.4,-3.7
72.0075410033652,0.2,-3,-3.2,-3.4,-3.7
71.9482510157049,0.3,-2.9,-3.7,-3.3,-3.7
71.9482510157049,0.3,-2.9,-3.7,-3.3,-3.8
71.8274687450879,0.3,-2.7,-3.6,-3.3,-3.8
71.8274687450879,0.3,-2.7,-3.6,-3.2,-3.8
71.7097414852712,0.2,-1.4,-3.4,-3.1,-3.7
71.7097414852712,0.2,-1.4,-3.4,-3,-3.7
71.733012694201,0.2,-1,-3.3,-2.9,-3.7
71.733012694201,0.2,-1,-3.3,-2.7,-3.7
69.8887009458801,0.2,0.1,-0.5,-2.5,-3.5
69.8887009458801,0.2,0.1,-0.5,-2.3,-3.3
67.9265839748839,0.1,1.1,2.9,-2.1,-2.9
67.9265839748839,0.1,1.1,2.9,-1.8,-2.5
65.9701296949673,0.1,3.1,6.2,-1.5,-1.9
65.9701296949673,0.1,3.1,6.2,-1.1,-1.3
65.28918554592,0,3.7,7.2,-0.8,-0.7
65.28918554592,0,3.7,7.2,-0.4,-0.1
64.6150298992565,0,4.3,7.9,0,0.5
63.4357287856799,-0.1,4.8,8.7,0.4,1.1
63.4357287856799,-0.1,4.8,8.7,0.8,1.8
63.3986297641604,-0.1,4.8,8.6,1.1,2.4
63.3986297641604,-0.1,4.8,8.6,1.5,2.9
63.6088737797661,-0.1,4.7,8.8,1.8,3.5
63.6088737797661,-0.1,4.7,8.8,2.1,4
63.4294879926975,-0.1,4.5,8.5,2.4,4.5
63.3159562462284,-0.1,4.7,9,2.6,5
63.3159562462284,-0.1,4.7,9,2.9,5.4
64.7544172018943,-0.1,3.7,7.7,3,5.7
64.7544172018943,-0.1,3.7,7.7,3.2,6.1
65.9881574598869,0,1.8,2.7,3.2,6
65.9881574598869,0,1.8,2.7,3.2,6
66.0487861979976,0,1.8,2.7,3.2,5.9
66.1137285024873,0,1.9,2.7,3.2,5.8
66.1137285024873,0,1.9,2.7,3.1,5.7
66.4585306736959,0.1,1.8,2.5,3.1,5.6
66.4585306736959,0.1,1.8,2.5,3.1,5.5
66.6048607883998,0,1.7,2,3,5.3
66.6048607883998,0,1.7,2,2.9,5.1
66.6294361691022,0.1,1.8,2,2.9,4.9
66.6294361691022,0.1,1.8,2,2.8,4.7
66.7456540093871,0.1,1.7,2,2.7,4.5
67.3167687328772,0.1,1.6,1.5,2.6,4.2
67.3167687328772,0.1,1.6,1.5,2.5,4
67.6078022631398,0.1,1.5,1.2,2.4,3.7
67.6078022631398,0.1,1.5,1.2,2.3,3.5
68.105077921727,0.1,1.4,0.6,2.2,3.2
68.105077921727,0.1,1.4,0.6,2.1,2.9
69.0048595504585,0.1,1.2,-0.3,2,2.6
68.9970078341612,0.1,1.1,-0.3,1.9,2.3
68.9970078341612,0.1,1.1,-0.3,1.8,2
69.1591215296139,0.1,1.2,-0.6,1.7,1.7
69.1591215296139,0.1,1.2,-0.6,1.7,1.5
69.5495473043036,0.1,0.7,-1,1.6,1.2
69.5495473043036,0.1,0.7,-1,1.5,1
70.1982247416364,0.2,0.3,-1.9,1.4,0.7
70.9494022273372,0.2,-0.2,-2.7,1.2,0.4
70.9692777344604,0.2,-0.2,-2.7,1.1,0.1
71.1344790843076,0.2,-0.5,-3.2,1,-0.2
71.1344790843076,0.2,-0.5,-3.2,0.9,-0.4
71.2714297244688,0.2,-0.5,-3.5,0.8,-0.7
71.2714297244688,0.2,-0.5,-3.5,0.6,-1
71.3993535596256,0.2,-0.5,-3.3,0.5,-1.2
71.3993535596256,0.2,-0.5,-3.3,0.4,-1.4
70.9244040814143,0.2,-0.3,-3,0.4,-1.6
70.5779123203094,0.2,-0.2,-2.8,0.3,-1.7
70.5779123203094,0.2,-0.2,-2.8,0.2,-1.9
70.3895557402322,0.2,-0.1,-2.6,0.2,-2
70.3895557402322,0.2,-0.1,-2.6,0.1,-2.1
70.4038115566767,0.2,-0.1,-2.7,0.1,-2.2
70.4038115566767,0.2,-0.1,-2.7,0.1,-2.3
70.4430665690206,0.2,-0.1,-2.7,0,-2.4
70.1645557107391,0.2,0.3,-2.2,0,-2.4
70.1645557107391,0.2,0.3,-2.2,0,-2.5
69.3697614984016,0.1,0.6,-1.3,0,-2.4
69.3697614984016,0.1,0.6,-1.3,0,-2.4
68.7895373594263,0.1,1,-0.4,0.1,-2.3
68.7895373594263,0.1,1,-0.4,0.1,-2.2
68.2581831589038,0.1,1.2,0.2,0.2,-2
68.0577116572613,0.1,1.3,0.7,0.3,-1.9
68.0577116572613,0.1,1.3,0.7,0.3,-1.7
67.8649584781271,0.1,1.5,1.3,0.4,-1.5
67.8649584781271,0.1,1.5,1.3,0.5,-1.3
67.9829743374255,0.1,1.2,0.8,0.6,-1.1
67.9829743374255,0.1,1.2,0.8,0.6,-0.9
68.0543806551977,0.1,1.2,0.8,0.7,-0.8
68.1390167567153,0.1,1.2,0.7,0.7,-0.6
68.1390167567153,0.1,1.2,0.7,0.8,-0.5
68.2110724582442,0.1,1.4,0.7,0.9,-0.3
68.2383674378464,0.1,1.4,0.5,0.9,-0.2
68.2383674378464,0.1,1.4,0.5,1,-0.1
68.6198370198775,0.1,1.4,-0.1,1,-0.1
68.6198370198775,0.1,1.4,-0.1,1.1,0
68.7698778589643,0.1,1.6,-0.1,1.1,0
68.7698778589643,0.1,1.6,-0.1,1.2,0.1
69.1232930001409,0.2,1.5,-0.4,1.2,0.1
69.1232930001409,0.2,1.5,-0.4,1.3,0.1
69.954403256433,0.2,0.9,-1.6,1.3,0
71.1101128441745,0.3,0.2,-2.9,1.2,-0.2
69.6723580171184,0.2,0.6,-0.9,1.2,-0.2
69.6723580171184,0.2,0.6,-0.9,1.2,-0.2
70.1896667597093,0.2,0.1,-1.7,1.1,-0.3
70.1896667597093,0.2,0.1,-1.7,1,-0.4
70.7357937064636,0.2,-0.4,-2.4,0.9,-0.5
70.7357937064636,0.2,-0.4,-2.4,0.8,-0.7
74.8912076555653,0.7,-1.8,-8.8,0.7,-1.2
74.8912076555653,0.7,-1.8,-8.8,0.5,-1.8
75.2686774498672,0.8,-1.7,-9.4,0.3,-2.3
75.2686774498672,0.8,-1.7,-9.4,0.2,-2.9
74.9933548116608,0.7,-2.1,-9.3,0,-3.4
72.3112350196838,0.4,-0.2,-4.4,-0.1,-3.5
72.3112350196838,0.4,-0.2,-4.4,-0.1,-3.7
70.194553478023,0.2,1.4,-0.9,0,-3.6
70.194553478023,0.2,1.4,-0.9,0,-3.5
69.4615159260012,0.2,2,0.6,0.1,-3.4
69.4615159260012,0.2,2,0.6,0.2,-3.2
69.359409251575,0.2,2.1,0.8,0.3,-3
68.5538837275392,0.2,2.3,2.1,0.4,-2.7
68.5538837275392,0.2,2.3,2.1,0.5,-2.4
67.2258005112061,0.1,3.2,3.1,0.7,-2.1
67.2258005112061,0.1,3.2,3.1,0.9,-1.7
66.1613958992653,0.1,3.5,4.5,1.1,-1.3
64.3137392914366,0,4,6.3,1.3,-0.8
64.3137392914366,0,4,6.3,1.5,-0.3
64.5054232503096,0,4.2,6.1,1.7,0.2
64.5054232503096,0,4.2,6.1,1.9,0.7
67.038700425951,0.2,4,2.1,2.1,0.9
67.0694470265782,0.2,3.7,1.5,2.2,1
67.0694470265782,0.2,3.7,1.5,2.4,1.2
68.5415641510992,0.4,3.7,-0.3,2.5,1.2
68.5415641510992,0.4,3.7,-0.3,2.7,1.2
69.2219586978138,0.5,4,-1,2.8,1.2
69.7658088905178,0.6,3.9,-0.9,3,1.2
69.7658088905178,0.6,3.9,-0.9,3.1,1.1
70.6270926538513,0.8,4.4,-1.7,3.3,1.1
65.4342988073165,0,5.1,2.8,3.4,1.3
65.4342988073165,0,5.1,2.8,3.6,1.5
62.685375084667,-0.2,5.6,5,3.8,1.8
65.4367615132787,0.1,5.3,2.7,4,1.9
65.4367615132787,0.1,5.3,2.7,4.1,2
65.9160520793726,0.1,6.1,3.7,4.3,2.1
66.3346882288294,0.1,6.2,3.1,4.5,2.2
66.3346882288294,0.1,6.2,3.1,4.6,2.3
67.8874532142283,0.2,6.1,1.7,4.7,2.2
67.8874532142283,0.2,6.1,1.7,4.9,2.2
68.1805434384205,0.2,6.1,0.8,5,2.1
65.8162396598819,0.1,6.7,3.1,5.1,2.2
65.8162396598819,0.1,6.7,3.1,5.3,2.2
66.1518629361739,0.1,6.7,2.6,5.4,2.2
67.7384194842036,0.2,6.2,0.4,5.5,2.1
67.7384194842036,0.2,6.2,0.4,5.6,1.9
68.3978034227681,0.3,6.2,-0.4,5.7,1.8
69.2621436464535,0.4,6.6,-1.4,5.8,1.5
69.2621436464535,0.4,6.6,-1.4,5.9,1.3
69.7021006229,0.4,5.2,-2.3,5.8,1.1
70.4166274244352,0.5,4.9,-3.4,5.8,0.8
70.4166274244352,0.5,4.9,-3.4,5.8,0.5
71.2375108608987,0.6,5.1,-4.5,5.8,0.1
71.885560312003,0.7,5,-5.5,5.7,-0.3
71.885560312003,0.7,5,-5.5,5.7,-0.6
72.6922771116192,0.9,4.6,-6.9,5.7,-1.1
73.4917457817415,1,4.6,-8.3,5.6,-1.6
73.4917457817415,1,4.6,-8.3,5.5,-2.2
73.5749423438007,1,4.4,-8.8,5.5,-2.7
72.751487005806,0.9,4.9,-7.8,5.4,-3.2
72.751487005806,0.9,4.9,-7.8,5.4,-3.6
71.5849084681262,0.7,5.5,-6.2,5.4,-3.9
71.4862860525242,0.7,5.3,-6.4,5.3,-4.2
71.4862860525242,0.7,5.3,-6.4,5.3,-4.5
71.7502103731535,0.7,5.6,-6.8,5.3,-4.8
71.7502103731535,0.7,5.6,-6.8,5.3,-5.1
71.962427562195,0.8,5.5,-7.2,5.3,-5.3
72.1511701663683,0.8,5.2,-7.8,5.3,-5.6
72.1511701663683,0.8,5.2,-7.8,5.3,-5.9
72.3755048775955,0.8,5.2,-8.2,5.3,-6.2
71.7410521858255,0.7,5.4,-7.5,5.2,-6.4
71.9856759009385,0.8,5.6,-7.7,5.3,-6.6
71.9856759009385,0.8,5.6,-7.7,5.3,-6.8
71.7828010494433,0.7,5.5,-6.4,5.3,-6.8
72.0039538143094,0.7,5.4,-6.6,5.3,-6.9
72.2550179799641,0.8,5.4,-7,5.3,-7
72.2550179799641,0.8,5.4,-7,5.3,-7
72.5143508793,0.8,5.3,-6.6,5.3,-7.1
72.8681437367175,0.9,5.5,-7,5.3,-7.1
72.8681437367175,0.9,5.5,-7,5.3,-7.1
72.8432607389253,0.9,4.4,-7.3,5.3,-7.1
72.8432607389253,0.9,4.4,-7.3,5.2,-7.2
72.9801221598872,0.9,3.4,-7.7,5.1,-7.2
73.1523657479648,0.9,3.3,-8,5,-7.3
73.1523657479648,0.9,3.3,-8,4.9,-7.3
72.9250445333017,0.9,3.4,-7.8,4.8,-7.3
72.9250445333017,0.9,3.4,-7.8,4.7,-7.4
72.0079677420534,0.7,3.7,-6.6,4.6,-7.3
71.9721511664477,0.8,3.6,-6.8,4.5,-7.3
71.9721511664477,0.8,3.6,-6.8,4.4,-7.3
71.8639483937551,0.7,3.6,-6.6,4.4,-7.2
71.8639483937551,0.7,3.6,-6.6,4.3,-7.2
71.2796661128983,0.7,3.9,-6,4.2,-7.1
70.6620867079068,0.6,4.2,-5.2,4.2,-7
70.6620867079068,0.6,4.2,-5.2,4.2,-6.9
69.7154060868823,0.4,4.8,-3.9,4.2,-6.6
69.7154060868823,0.4,4.8,-3.9,4.2,-6.5
70.2328510687286,0.4,4.6,-4.6,4.2,-6.3
73.1519792504155,0.7,2.3,-10.6,4.1,-6.6
73.1519792504155,0.7,2.3,-10.6,3.9,-6.8
75.1834094492961,0.9,1.4,-15.9,3.7,-7.4
75.1834094492961,0.9,1.4,-15.9,3.6,-7.9
75.4675195147503,0.9,0.7,-17.9,3.4,-8.6
75.4675195147503,0.9,0.7,-17.9,3.1,-9.3
75.620043998923,0.9,0.7,-18.6,3,-9.9
75.620043998923,0.9,0.7,-18.6,2.8,-10.6
76.4357754218799,1,-0.1,-20.3,2.5,-11.3
78.2062921720749,1.2,-1.1,-22.5,2.3,-12.1
78.2062921720749,1.2,-1.1,-22.5,2,-13
77.2241170909882,1,-0.3,-19.5,1.8,-13.5
77.2241170909882,1,-0.3,-19.5,1.6,-14.1
76.5761963682738,0.9,0.1,-17.9,1.5,-14.5
76.5761963682738,0.9,0.1,-17.9,1.3,-14.9
75.4713317460581,0.7,1.2,-15,1.3,-15.1
75.2469511950869,0.8,1.5,-14.6,1.2,-15.3
75.2469511950869,0.8,1.5,-14.6,1.2,-15.4
75.3259235440584,0.7,1.3,-14.5,1.1,-15.5
75.3259235440584,0.7,1.3,-14.5,1.1,-15.6
75.4775742589735,0.7,-1.7,-15.6,0.9,-15.8
75.4775742589735,0.7,-1.7,-15.6,0.7,-15.9
73.7731084092001,0.5,-0.7,-12.4,0.5,-15.8
73.7731084092001,0.5,-0.7,-12.4,0.4,-15.7
70.5533512994596,0.3,1.1,-5.3,0.4,-15.2
70.5533512994596,0.3,1.1,-5.3,0.4,-14.6
70.7821649831982,0.4,0.9,-6,0.4,-14.1
70.7821649831982,0.4,0.9,-6,0.4,-13.5
71.1414848168654,0.4,0.7,-6.4,0.4,-13
71.1414848168654,0.4,0.7,-6.4,0.4,-12.5
71.4769753312023,0.4,0.5,-7.2,0.4,-12.1
71.4769753312023,0.4,0.5,-7.2,0.4,-11.6
72.4893182683412,0.5,-0.2,-9.1,0.3,-11.3
72.4893182683412,0.5,-0.2,-9.1,0.3,-11
73.8391761696484,0.6,-0.9,-11.9,0.2,-10.9
75.8613757928868,0.8,-3,-15.9,0,-11
75.8613757928868,0.8,-3,-15.9,-0.2,-11.2
75.919263616918,0.8,-3.1,-16,-0.4,-11.4
75.919263616918,0.8,-3.1,-16,-0.6,-11.5
75.7734418046917,0.8,-3.2,-16,-0.8,-11.7
75.7734418046917,0.8,-3.2,-16,-0.9,-11.9
75.6652606314974,0.8,-6,-16.6,-1.3,-12.2
75.6652606314974,0.8,-6,-16.6,-1.7,-12.4
75.3207027643203,0.9,-5.4,-16,-2,-12.7
75.3207027643203,0.9,-5.4,-16,-2.2,-12.9
74.792213280958,0.8,-4.7,-15.2,-2.5,-13.1
74.9291947125504,0.7,-4.8,-15.5,-2.7,-13.3
74.9291947125504,0.7,-4.8,-15.5,-2.9,-13.5
74.0140129665845,0.6,-3.7,-13.6,-3,-13.6
74.0140129665845,0.6,-3.7,-13.6,-3.1,-13.6
73.006123887896,0.5,-2.9,-12.2,-3.2,-13.6
73.006123887896,0.5,-2.9,-12.2,-3.2,-13.6
72.5814222101561,0.4,-2.5,-12.1,-3.3,-13.6
72.0758690744,0.4,-2.3,-11.9,-3.3,-13.6
72.0758690744,0.4,-2.3,-11.9,-3.3,-13.6
72.5216622919399,0.4,-2.7,-13,-3.3,-13.7
72.5216622919399,0.4,-2.7,-13,-3.3,-13.7
73.0841755979333,0.5,-3.1,-13.9,-3.3,-13.8
73.0841755979333,0.5,-3.1,-13.9,-3.4,-13.8
74.1750324556171,0.6,-4.1,-15.9,-3.4,-14
74.1750324556171,0.6,-4.1,-15.9,-3.5,-14.1
74.9670836780608,0.7,-4.4,-16.2,-3.6,-14.3
75.8275308027455,0.7,-5.2,-15.6,-3.7,-14.4
75.0150821687068,0.6,-4.6,-14.3,-3.8,-14.3
75.0150821687068,0.6,-4.6,-14.3,-3.8,-14.3
74.6672765234243,0.6,-4.1,-13.7,-3.8,-14.3
74.6672765234243,0.6,-4.1,-13.7,-3.9,-14.2
74.6951666288426,0.6,-3.9,-13.6,-3.9,-14.1
74.6951666288426,0.6,-3.9,-13.6,-3.8,-14.1
74.5965903647087,0.6,-3.9,-13,-3.8,-14
74.3793638883956,0.6,-3.9,-12.7,-3.8,-13.9
74.3793638883956,0.6,-3.9,-12.7,-3.8,-13.8
73.3686983337671,0.5,-3.2,-10.6,-3.8,-13.6
73.3686983337671,0.5,-3.2,-10.6,-3.7,-13.4
73.0009914783727,0.5,-2.9,-9.8,-3.7,-13.1
73.0009914783727,0.5,-2.9,-9.8,-3.6,-12.9
72.9566338905341,0.4,-2.9,-9.8,-3.6,-12.7
72.9566338905341,0.4,-2.9,-9.8,-3.6,-12.5
73.0101505972212,0.4,-2.9,-10,-3.5,-12.3
73.0726071753063,0.4,-3,-10.3,-3.5,-12.1
73.0726071753063,0.4,-3,-10.3,-3.5,-12
73.0997459597187,0.4,-3,-10.7,-3.4,-11.8
73.0997459597187,0.4,-3,-10.7,-3.4,-11.7
73.3164055830075,0.5,-3.2,-11.1,-3.4,-11.6
73.3164055830075,0.5,-3.2,-11.1,-3.4,-11.5
73.8879502632488,0.5,-3.6,-11.8,-3.4,-11.5
73.8879502632488,0.5,-3.6,-11.8,-3.4,-11.4
76.2574683377254,0.7,-5.3,-15.5,-3.5,-11.6
73.2022267570917,0.5,-1,-7.7,-3.3,-11.3
73.2022267570917,0.5,-1,-7.7,-3.1,-11.1
73.1320803404965,0.4,-1,-7.7,-3,-10.8
73.1320803404965,0.4,-1,-7.7,-2.8,-10.5
74.0581486251115,0.5,-2.5,-10.4,-2.8,-10.5
73.8599352638724,0.5,-3.6,-12,-2.8,-10.5
73.8599352638724,0.5,-3.6,-12,-2.8,-10.6
73.04167082228,0.4,-2.8,-10.5,-2.8,-10.5
73.04167082228,0.4,-2.8,-10.5,-2.8,-10.5
72.5539389970858,0.4,-2.4,-9.5,-2.8,-10.4
72.5539389970858,0.4,-2.4,-9.5,-2.7,-10.3
72.5155396680504,0.4,-2.1,-8.9,-2.7,-10.2
72.5155396680504,0.4,-2.1,-8.9,-2.6,-10.1
72.668817752795,0.4,-2.1,-8.3,-2.6,-10
72.668817752795,0.4,-2.1,-8.3,-2.5,-9.9
72.7652388665315,0.4,-2.2,-8.3,-2.5,-9.8
75.3751178306344,0.6,-4.4,-14.3,-2.6,-10
75.3751178306344,0.6,-4.4,-14.3,-2.7,-10.3
74.7477706759775,0.5,-4.2,-13.4,-2.8,-10.5
74.7477706759775,0.5,-4.2,-13.4,-2.9,-10.7
77.2090734631135,0.8,-6.7,-18,-3.2,-11.2
77.2090734631135,0.8,-6.7,-18,-3.4,-11.6
77.6684686247552,0.9,-7.3,-19.1,-3.7,-12.2
77.6684686247552,0.9,-7.3,-19.1,-3.9,-12.7
77.7681858132568,0.9,-7.6,-19.4,-4.2,-13.2
77.9043439389294,0.9,-7.8,-19.8,-4.5,-13.7
77.9043439389294,0.9,-7.8,-19.8,-4.7,-14.1
77.9756732212437,0.9,-7.6,-19.7,-5,-14.6
77.9756732212437,0.9,-7.6,-19.7,-5.2,-15.1
77.9498935667985,0.8,-7.7,-19.8,-5.4,-15.5
77.9498935667985,0.8,-7.7,-19.8,-5.7,-15.9
77.4924304521144,0.8,-6.9,-18.7,-5.8,-16.3
77.4924304521144,0.8,-6.9,-18.7,-6,-16.6
74.8850673087237,0.5,-4.4,-13.4,-6,-16.5
74.8850673087237,0.5,-4.4,-13.4,-5.9,-16.4
74.5830212187751,0.5,-4.1,-11.6,-5.9,-16.2
74.5830212187751,0.5,-4.1,-11.6,-5.8,-16
74.7976858496029,0.5,-4.7,-11.1,-5.8,-15.8
74.7976858496029,0.5,-4.7,-11.1,-5.8,-15.6
74.798599716997,0.5,-4.7,-10.4,-5.7,-15.3
74.798599716997,0.5,-4.7,-10.4,-5.7,-15
74.8179443601819,0.5,-4.8,-10,-5.7,-14.7
74.7692952859475,0.5,-4.9,-10.9,-5.6,-14.5
74.7692952859475,0.5,-4.9,-10.9,-5.6,-14.2
74.8310375889437,0.5,-4.8,-10.9,-5.5,-14
74.8310375889437,0.5,-4.8,-10.9,-5.5,-13.7
74.85088642485,0.5,-4.6,-10.7,-5.4,-13.4
74.85088642485,0.5,-4.6,-10.7,-5.3,-13.2
74.9366922876784,0.5,-4.8,-11.1,-5.3,-12.9
74.9093376955352,0.5,-4.7,-11,-5.2,-12.7
74.9093376955352,0.5,-4.7,-11,-5.1,-12.4
74.9313145926539,0.5,-4.8,-11.2,-5.1,-12.2
74.9313145926539,0.5,-4.8,-11.2,-5,-12
74.9204368732864,0.5,-4.9,-11.2,-5,-11.9
74.9204368732864,0.5,-4.9,-11.2,-4.9,-11.7
75.3436012392053,0.6,-5.2,-11.9,-4.9,-11.6
75.3436012392053,0.6,-5.2,-11.9,-4.9,-11.5
73.2748658268629,0.4,-3.8,-8.8,-4.8,-11.3
73.1828580023802,0.4,-3.6,-8.5,-4.7,-11
73.1828580023802,0.4,-3.6,-8.5,-4.6,-10.8
73.3542591926229,0.4,-3.8,-8.9,-4.6,-10.6
73.3542591926229,0.4,-3.8,-8.9,-4.5,-10.4
73.7225877070487,0.4,-3.9,-9.3,-4.4,-10.3
73.7225877070487,0.4,-3.9,-9.3,-4.4,-10.2
73.7320706901769,0.4,-4,-9.4,-4.4,-10.1
73.7320706901769,0.4,-4,-9.4,-4.3,-10.1
73.7503304927926,0.4,-4.2,-9.7,-4.3,-10
73.762808617787,0.4,-4.1,-9.6,-4.3,-10
73.762808617787,0.4,-4.1,-9.6,-4.3,-9.9
73.7451294708716,0.4,-4.2,-9.7,-4.3,-9.9
73.7451294708716,0.4,-4.2,-9.7,-4.2,-9.9
73.6288945742317,0.4,-3.6,-9,-4.2,-9.8
73.6288945742317,0.4,-3.6,-9,-4.1,-9.7
72.3445627727845,0.3,-2.8,-7.2,-4,-9.5
72.3445627727845,0.3,-2.8,-7.2,-3.9,-9.3
72.1499224266824,0.3,-2.6,-6.7,-3.8,-9.1
72.1499224266824,0.3,-2.6,-6.7,-3.7,-9
71.9633475819204,0.3,-2.3,-6.3,-3.6,-8.7
71.420956574642,0.3,-1.7,-5.5,-3.5,-8.5
71.420956574642,0.3,-1.7,-5.5,-3.3,-8.2
71.3402441111896,0.3,-1.6,-5.4,-3.2,-8
71.3402441111896,0.3,-1.6,-5.4,-3.1,-7.8
71.3448103506763,0.3,-1.7,-5.5,-2.9,-7.6
71.4154689853403,0.3,-1.8,-5.5,-2.8,-7.4
71.4154689853403,0.3,-1.8,-5.5,-2.7,-7.2
71.5092979521019,0.2,-1.9,-5.9,-2.6,-7.1
71.5092979521019,0.2,-1.9,-5.9,-2.6,-6.9
71.4971983746278,0.2,-1.7,-5.8,-2.5,-6.8
71.4971983746278,0.2,-1.7,-5.8,-2.4,-6.7
71.47315348549,0.2,-1.7,-5.8,-2.3,-6.6
71.47315348549,0.2,-1.7,-5.8,-2.2,-6.5
71.4207903573502,0.3,-1.8,-5.7,-2.2,-6.4
71.4313686423378,0.3,-1.6,-5.6,-2.1,-6.3
71.4313686423378,0.3,-1.6,-5.6,-2,-6.2
71.4342256813617,0.3,-1.7,-5.7,-2,-6.1
71.4342256813617,0.3,-1.7,-5.7,-1.9,-6
71.427348691858,0.3,-1.7,-5.6,-1.9,-5.9
71.427348691858,0.3,-1.7,-5.6,-1.9,-5.9
71.220629954049,0.2,-1.3,-5.3,-1.8,-5.8
71.220629954049,0.2,-1.3,-5.3,-1.7,-5.7
69.8315663943628,0.2,-0.5,-3.2,-1.6,-5.5
66.4801122718171,0.1,0.7,3.3,-1.5,-4.9
66.4801122718171,0.1,0.7,3.3,-1.3,-4.4
66.3210585708513,0,0.8,3.5,-1.2,-3.8
66.3210585708513,0,0.8,3.5,-1,-3.3
66.0210807375961,0,1.1,4,-0.8,-2.7
61.6876264361621,-0.2,4.6,10.3,-0.5,-1.8
61.6876264361621,-0.2,4.6,10.3,-0.1,-0.9
61.497024216412,-0.2,4.8,10.5,0.3,0
60.7861635784017,-0.2,5.3,11.3,0.6,0.8
60.7861635784017,-0.2,5.3,11.3,1,1.7
60.5734124382306,-0.3,5.5,11.4,1.4,2.5
60.5734124382306,-0.3,5.5,11.4,1.7,3.3
60.4539275860792,-0.3,5.7,11.7,2.1,4.1
60.425054249893,-0.3,5.6,11.6,2.4,4.8
60.425054249893,-0.3,5.6,11.6,2.7,5.5
60.42930349752,-0.3,5.5,11.5,3,6.1
60.4162185449938,-0.3,5.5,11.5,3.2,6.7
60.4162185449938,-0.3,5.5,11.5,3.5,7.3
60.1861475919317,-0.3,5.5,11.5,3.7,7.8
60.1861475919317,-0.3,5.5,11.5,4,8.3
59.9452355065515,-0.3,5.6,11.8,4.2,8.8
60.7424164598456,-0.2,5.8,11.5,4.4,9.2
60.2454146552902,-0.3,5.9,11.7,4.6,9.6
60.2454146552902,-0.3,5.9,11.7,4.8,9.9
60.2864159133386,-0.3,5.8,11.7,4.9,10.3
61.3103459910919,-0.2,5.5,11.1,5,10.5
61.3103459910919,-0.2,5.5,11.1,5.2,10.7
61.3894981978047,-0.2,5.4,11,5.2,10.9
61.506715632098,-0.2,5.5,11.1,5.3,11
61.506715632098,-0.2,5.5,11.1,5.4,11.1
61.6258964355262,-0.2,5.5,11.1,5.4,11.2
61.6258964355262,-0.2,5.5,11.1,5.5,11.2
61.6589148508725,-0.2,5.5,10.9,5.5,11.3
61.6589148508725,-0.2,5.5,10.9,5.5,11.3
61.7235146555769,-0.2,5.4,10.8,5.5,11.3
61.7235146555769,-0.2,5.4,10.8,5.5,11.2
61.2734416618202,-0.2,5.2,11.1,5.5,11.2
62.2006382954495,-0.2,3.9,9.2,5.4,11.1
62.2006382954495,-0.2,3.9,9.2,5.3,10.9
60.3891504157355,-0.4,3.6,9.2,5.2,10.8
60.3891504157355,-0.4,3.6,9.2,5.1,10.7
67.2472946102449,0.2,-0.4,2.7,4.7,10.2
67.2472946102449,0.2,-0.4,2.7,4.4,9.6
67.36091324903,0.1,-0.1,2.9,4,9.2
67.3860215907803,0.1,0.7,3.4,3.8,8.7
67.3860215907803,0.1,0.7,3.4,3.5,8.3
67.8922698645993,0.1,0.1,2.2,3.2,7.8
67.8922698645993,0.1,0.1,2.2,3,7.4
67.9964739780351,0.1,0,2,2.7,6.9
67.9964739780351,0.1,0,2,2.5,6.5
67.9549595826739,0.1,0,2.1,2.2,6.1
67.9549595826739,0.1,0,2.1,2,5.7
68.0366876449539,0.1,0,2,1.8,5.3
68.0366876449539,0.1,0,2,1.6,5
68.1146964928925,0.1,0,1.9,1.4,4.6
68.1542801968129,0.1,-0.1,1.7,1.2,4.3
68.1542801968129,0.1,-0.1,1.7,1.1,4
68.8173875032207,0.1,-0.5,0.7,0.9,3.7
68.8173875032207,0.1,-0.5,0.7,0.7,3.3
69.9299480511964,0.2,-1.3,-1.4,0.5,2.9
69.9299480511964,0.2,-1.3,-1.4,0.3,2.5
70.7870998520758,0.3,-2.2,-3.4,0.1,2
70.7870998520758,0.3,-2.2,-3.4,-0.1,1.5
70.8295980356078,0.3,-2.2,-3.4,-0.4,1
70.3576549358824,0.2,-2,-2.1,-0.5,0.7
70.3576549358824,0.2,-2,-2.1,-0.7,0.4
69.777511890354,0.2,-1.6,-1,-0.8,0.2
69.777511890354,0.2,-1.6,-1,-0.9,0
69.0932251945775,0.2,-1,0.3,-1,-0.1
68.6216707832218,0.1,-0.8,0.9,-1,-0.1
68.7820229767213,0.1,-0.9,0.7,-1,-0.2
68.7820229767213,0.1,-0.9,0.7,-1,-0.2
69.0885800751729,0.2,-1.2,1,-1.1,-0.1
69.0885800751729,0.2,-1.2,1,-1.1,-0.1
69.21071111438,0.2,-1.3,0.7,-1.1,-0.1
69.21071111438,0.2,-1.3,0.7,-1.2,-0.1
69.3767685249457,0.2,-1.3,0.8,-1.2,0
69.2739249439014,0.1,-1.3,1,-1.2,0
69.2739249439014,0.1,-1.3,1,-1.2,0.1
68.6780647095169,0.1,-0.8,2.1,-1.2,0.2
68.6780647095169,0.1,-0.8,2.1,-1.2,0.3
69.7233919536077,0.2,-1.3,-1.7,-1.2,0.2
69.7233919536077,0.2,-1.3,-1.7,-1.2,0.1
72.2560744329264,0.3,-2.9,-6.2,-1.4,-0.3
72.2560744329264,0.3,-2.9,-6.2,-1.5,-0.7
73.3413088118619,0.4,-3.4,-7,-1.6,-1.1
73.3413088118619,0.4,-3.4,-7,-1.7,-1.5
74.9443466482123,0.4,-1.3,-8.3,-1.7,-2
74.9443466482123,0.4,-1.3,-8.3,-1.7,-2.4
75.330852079507,0.5,0.5,-9,-1.5,-2.9
75.330852079507,0.5,0.5,-9,-1.4,-3.4
75.0034752466978,0.5,0.9,-8.5,-1.3,-3.8
75.0671821042559,0.5,1.1,-8.3,-1.1,-4.1
75.0671821042559,0.5,1.1,-8.3,-0.9,-4.5
74.9254371317019,0.5,1.2,-8.2,-0.8,-4.9
74.9254371317019,0.5,1.2,-8.2,-0.7,-5.2
73.3431190012404,0.4,1.8,-7.7,-0.5,-5.5
73.3431190012404,0.4,1.8,-7.7,-0.3,-5.8
72.6642780807828,0.3,2,-6.8,-0.1,-6
73.1338715319903,0.3,1.2,-8.3,0,-6.3
73.1338715319903,0.3,1.2,-8.3,0.1,-6.5
71.9869032945257,0.2,1.6,-7.2,0.2,-6.7
71.9869032945257,0.2,1.6,-7.2,0.4,-6.9
71.0321123907531,0.2,1.9,-6.4,0.5,-7
71.0321123907531,0.2,1.9,-6.4,0.6,-7
70.8427760945495,0.2,2.3,-5.8,0.8,-7.1
70.8174409165261,0.2,1.1,-6,0.9,-7.1
70.8174409165261,0.2,1.1,-6,0.9,-7.1
70.7823767751221,0.2,1.2,-5.9,1,-7.1
70.7823767751221,0.2,1.2,-5.9,1.1,-7
70.807757228171,0.2,1.3,-5.8,1.1,-7
70.6233678000647,0.2,1.2,-5.5,1.2,-6.9
70.6233678000647,0.2,1.2,-5.5,1.2,-6.8
70.2955599939805,0.2,1.8,-4.8,1.3,-6.6
70.2955599939805,0.2,1.8,-4.8,1.4,-6.5
69.2426695511051,0.1,2.5,-2.9,1.5,-6.2
69.2426695511051,0.1,2.5,-2.9,1.6,-6
67.2353180813334,0.1,3,-0.1,1.7,-5.5
67.2353180813334,0.1,3,-0.1,1.8,-5.1
65.5810959921815,0,3.3,5.2,1.9,-4.4
65.5810959921815,0,3.3,5.2,2,-3.7
65.0220910476621,0.1,3.7,6,2.1,-2.9
64.8065237030133,-0.1,4,7,2.3,-2.2
64.5075084452385,0,2.7,6.9,2.3,-1.4
64.5075084452385,0,2.7,6.9,2.4,-0.8
65.966431358221,0,1.9,3.6,2.4,-0.3
65.966431358221,0,1.9,3.6,2.3,0.1
66.8346258686548,0,1.6,1.1,2.3,0.3
66.8346258686548,0,1.6,1.1,2.3,0.6
67.1800412855013,0.1,1.5,0.4,2.3,0.7
67.1800412855013,0.1,1.5,0.4,2.2,0.8
68.0845545028118,0.1,1.3,-0.3,2.2,0.9
68.0845545028118,0.1,1.3,-0.3,2.1,1
69.1831183598716,0.1,1,-0.9,2.1,1
69.1831183598716,0.1,1,-0.9,2,1
69.6074069852215,0.2,0.9,-1.4,1.9,0.9
69.9070877062144,0.2,-0.6,-2,1.8,0.8
71.0523347728817,0.2,-1.5,-3.6,1.5,0.6
71.0523347728817,0.2,-1.5,-3.6,1.3,0.4
71.743579201275,0.3,-1.7,-4.3,1.1,0.1
71.743579201275,0.3,-1.7,-4.3,0.9,-0.2
71.8536413039382,0.2,-1.9,-4.6,0.7,-0.5
71.8536413039382,0.2,-1.9,-4.6,0.5,-0.8
72.1753547036027,0.3,-1.9,-5,0.2,-1.1
72.1753547036027,0.3,-1.9,-5,0.1,-1.4
72.1214875252301,0.3,-1.7,-4.6,-0.1,-1.7
72.171616683042,0.3,-1.8,-4.7,-0.3,-2
72.171616683042,0.3,-1.8,-4.7,-0.5,-2.3
71.7198903538176,0.2,-4.5,-4.4,-0.8,-2.6
71.7198903538176,0.2,-4.5,-4.4,-1.1,-2.8
71.428386941339,0.2,-5.6,-4.1,-1.5,-3
71.428386941339,0.2,-5.6,-4.1,-1.8,-3.2
70.7987785790895,0.2,-3.2,-3.4,-2,-3.4
69.883802138271,0.1,-1.5,-1.2,-2,-3.3
69.883802138271,0.1,-1.5,-1.2,-2.1,-3.3
67.9659503027828,0.1,1.1,2,-2,-3
67.9659503027828,0.1,1.1,2,-1.8,-2.7
66.1701452591822,0,1.4,5.3,-1.7,-2.2
66.1701452591822,0,1.4,5.3,-1.5,-1.8
64.0589604598641,0,2.8,8.6,-1.2,-1.1
64.0589604598641,0,2.8,8.6,-1,-0.4
63.2835815951354,-0.1,3.4,8.5,-0.7,0.2
63.2835815951354,-0.1,3.4,8.5,-0.4,0.9
61.9723703268384,-0.2,3.6,9.2,-0.1,1.5
67.9953860492035,0.1,0.6,2.6,-0.1,1.7
67.9953860492035,0.1,0.6,2.6,0,1.9
68.8704193898727,0.1,-0.2,1.3,0.1,2
68.8704193898727,0.1,-0.2,1.3,0.1,2.1
69.3470439556657,0.1,-1.2,0.6,0.1,2.2
69.3470439556657,0.1,-1.2,0.6,0.1,2.2
69.5416796727176,0.1,-1.4,0,0,2.2
69.7733897854221,0.2,-1.9,-1,-0.1,2.1
70.0392822147852,0.2,-2,-0.9,-0.1,2
70.0392822147852,0.2,-2,-0.9,-0.2,1.9
70.0820471865864,0.2,-2,-0.5,-0.3,1.8
70.0820471865864,0.2,-2,-0.5,-0.4,1.8
69.0389677954165,0.1,-1.3,1.4,-0.4,1.8
69.0389677954165,0.1,-1.3,1.4,-0.5,1.8
68.3878877647617,0.1,-0.6,2.7,-0.5,1.9
68.2996300194691,0.1,-0.6,2.8,-0.5,1.9
68.2996300194691,0.1,-0.6,2.8,-0.5,2
68.309887394827,0.1,-0.5,2.8,-0.5,2
68.309887394827,0.1,-0.5,2.8,-0.5,2.1
68.1980984120657,0.1,-0.4,1.6,-0.5,2
68.1980984120657,0.1,-0.4,1.6,-0.6,1.9
67.8835979138516,0.1,-0.2,2.1,-0.6,1.9
66.5081112551026,0,0.7,4.2,-0.5,2
66.3338493626062,0,0.8,4.1,-0.5,2.1
66.3338493626062,0,0.8,4.1,-0.4,2.2
66.0896260918922,0,1,4.4,-0.4,2.3
66.0896260918922,0,1,4.4,-0.3,2.4
65.8337167675899,0,1.1,4.8,-0.2,2.5
65.8337167675899,0,1.1,4.8,-0.1,2.7
65.6929832252772,0,1.4,4.9,0,2.8
65.6929832252772,0,1.4,4.9,0.1,3
65.8870185825261,0.1,1,4.7,0.2,3.2
66.2628608200901,0,1,3.6,0.3,3.3
66.2628608200901,0,1,3.6,0.3,3.4
65.9150472836109,0,1.1,4.7,0.4,3.5
65.9150472836109,0,1.1,4.7,0.5,3.7
65.2882332897644,0,1.6,6,0.6,3.9
65.2882332897644,0,1.6,6,0.7,4.1
65.2643716988376,0,1.5,5.8,0.8,4.2
65.2462884205762,0,1.5,5.9,0.9,4.4
65.2462884205762,0,1.5,5.9,1,4.6
65.3325794114978,0,1.6,5.6,1.1,4.7
65.3325794114978,0,1.6,5.6,1.1,4.8
65.5384831317605,0,1.3,5.5,1.2,4.9
65.7257573100772,0,1.4,5,1.2,4.9
65.7257573100772,0,1.4,5,1.2,5
66.0226156678735,0,1.3,4.7,1.3,5
66.0226156678735,0,1.3,4.7,1.3,5
66.0389513056144,0,1.3,4.7,1.3,5
66.6578108420803,0.1,0.8,3.7,1.3,5
66.6951402327944,0.1,0.8,3.7,1.3,4.9
66.6951402327944,0.1,0.8,3.7,1.2,4.8
66.6814140544825,0.1,0.8,3.6,1.2,4.7
66.6814140544825,0.1,0.8,3.6,1.2,4.7
66.752230981237,0.1,0.8,3.7,1.2,4.6
66.9605343729802,0.1,0.7,3.1,1.1,4.5
66.9605343729802,0.1,0.7,3.1,1.1,4.4
66.8181379017806,0,0.9,3.3,1.1,4.3
66.8181379017806,0,0.9,3.3,1.1,4.2
66.491136116076,0.1,0.9,4,1,4.2
66.491136116076,0.1,0.9,4,1,4.2
65.8236375228909,0,1.1,4.9,1,4.2
65.3437645681396,0,1.7,5.4,1.1,4.2
65.3437645681396,0,1.7,5.4,1.1,4.3
66.3900890909865,0.1,1,4.1,1.1,4.3
66.3900890909865,0.1,1,4.1,1.1,4.2
67.0540869488404,0.1,0.5,2.9,1,4.1
67.0540869488404,0.1,0.5,2.9,1,4
67.6855173756834,0.1,0.1,2,0.9,3.9
67.8912186550288,0.1,0.2,0.9,0.9,3.7
67.8912186550288,0.1,0.2,0.9,0.8,3.5
68.0821120964775,0.1,0.1,0.4,0.8,3.2
69.4885978390139,0.2,-0.6,-1.6,0.7,2.9
69.4885978390139,0.2,-0.6,-1.6,0.6,2.6
71.7516086648269,0.3,-1.9,-4.8,0.4,2
72.79195857866,0.3,-2.3,-6.3,0.2,1.4
72.79195857866,0.3,-2.3,-6.3,0,0.9
73.3302065044173,0.3,-2.5,-7.3,-0.2,0.3
73.3302065044173,0.3,-2.5,-7.3,-0.3,-0.3
73.3627357524987,0.3,-2.7,-7.8,-0.5,-0.9
73.3627357524987,0.3,-2.7,-7.8,-0.7,-1.5
73.5414986406588,0.3,-2.9,-7.3,-0.9,-2
73.5414986406588,0.3,-2.9,-7.3,-1.1,-2.5
73.5099302152637,0.3,-2.8,-6.7,-1.2,-2.9
73.5099302152637,0.3,-2.8,-6.7,-1.4,-3.3
73.3912980186495,0.3,-2.8,-5.5,-1.5,-3.6
72.8652860756816,0.3,-2.8,-4.5,-1.7,-3.8
72.8652860756816,0.3,-2.8,-4.5,-1.8,-4
73.1620277497817,0.3,-2.4,-3.7,-1.9,-4.2
73.1620277497817,0.3,-2.4,-3.7,-2,-4.3
72.3698361613857,0.3,-2,-1.8,-2,-4.3
72.3698361613857,0.3,-2,-1.8,-2.1,-4.2
71.4312924188851,0.2,-1.3,-0.4,-2.1,-4.1
71.4312924188851,0.2,-1.3,-0.4,-2.1,-4
70.8769477961521,0.2,-0.9,0.3,-2,-3.8
70.8769477961521,0.2,-0.9,0.3,-2,-3.5
70.690342744462,0.2,-0.9,0.2,-1.9,-3.3
70.9020318152945,0.2,-1,0,-1.9,-3.1
70.9020318152945,0.2,-1,0,-1.9,-2.9
70.9199909787038,0.2,-1,-0.1,-1.8,-2.7
70.9199909787038,0.2,-1,-0.1,-1.7,-2.5
70.9784096372043,0.2,-1.4,-0.7,-1.7,-2.3
70.9784096372043,0.2,-1.4,-0.7,-1.7,-2.1
70.7683363980866,0.2,-1.3,-0.6,-1.6,-1.9
70.5372460185704,0.2,-1.6,-0.8,-1.6,-1.8
70.5372460185704,0.2,-1.6,-0.8,-1.6,-1.6
68.5639904577686,0.1,-1,1.4,-1.5,-1.3
68.5639904577686,0.1,-1,1.4,-1.5,-1
68.0557178179775,0.1,-0.5,3.2,-1.4,-0.7
68.0557178179775,0.1,-0.5,3.2,-1.3,-0.3
68.1644985370532,0.1,-0.5,3.4,-1.2,0
67.4770894068227,0.1,-0.2,4.7,-1.1,0.4
67.4770894068227,0.1,-0.2,4.7,-1.1,0.8
67.475983538951,0.1,-0.2,4.6,-1,1.2
67.475983538951,0.1,-0.2,4.6,-0.9,1.5
67.4696390470802,0.1,-0.4,4.5,-0.8,1.8
67.4696390470802,0.1,-0.4,4.5,-0.8,2
67.0177759313327,0.1,-2.4,5,-0.9,2.3
67.0177759313327,0.1,-2.4,5,-1,2.6
66.8827112890939,0.1,-2.2,4.8,-1,2.8
66.8827112890939,0.1,-2.2,4.8,-1.1,3
66.5794876134483,0,-2.1,4.2,-1.2,3.1
67.3659690363676,0.1,-5.5,1.8,-1.5,3.1
67.3659690363676,0.1,-5.5,1.8,-1.7,3.1
67.1272536821697,0.1,-5.6,2.3,-2,3.1
67.1272536821697,0.1,-5.6,2.3,-2.3,3.1
67.0855120551635,0.1,-5.5,2.4,-2.5,3.1
67.0855120551635,0.1,-5.5,2.4,-2.7,3.1
68.0394708427121,0.1,-7.4,0,-3.1,3
68.0394708427121,0.1,-7.4,0,-3.4,2.8
68.3203918366316,0.1,-6.8,-0.2,-3.7,2.7
68.3203918366316,0.1,-6.8,-0.2,-4,2.5
68.7440693288342,0.2,-7.1,-0.7,-4.3,2.3
68.7854927803285,0.2,-7.2,-1.1,-4.5,2
68.7854927803285,0.2,-7.2,-1.1,-4.8,1.8
68.7597909833962,0.1,-6.5,-0.5,-5,1.6
68.7597909833962,0.1,-6.5,-0.5,-5.2,1.4
68.2893231094693,0.1,-5.2,1.7,-5.3,1.4
68.2893231094693,0.1,-5.2,1.7,-5.4,1.4
67.6635213608378,0.1,-4.7,4.2,-5.4,1.5
67.6635213608378,0.1,-4.7,4.2,-5.4,1.6
67.8759707544965,0.1,-6.1,3.5,-5.6,1.7
68.2042052667834,0.1,-6.9,2.9,-5.7,1.7
68.2042052667834,0.1,-6.9,2.9,-5.9,1.7
68.4694728809381,0.1,-6.9,4,-6,1.8
68.4694728809381,0.1,-6.9,4,-6.1,2
68.6504348128677,0.1,-7.2,4.2,-6.2,2.1
68.6504348128677,0.1,-7.2,4.2,-6.3,2.2
68.9179897648515,0.1,-7.4,5.3,-6.4,2.4
68.757049016612,0.2,-7.2,4.5,-6.5,2.6
68.757049016612,0.2,-7.2,4.5,-6.6,2.7
68.5220055263005,0.1,-7,1.4,-6.6,2.7
68.5220055263005,0.1,-7,1.4,-6.7,2.6
67.6771321046759,0.1,-5.8,1.8,-6.6,2.6
67.6771321046759,0.1,-5.8,1.8,-6.6,2.6
67.5544627180538,0.1,-3.8,2,-6.4,2.6
67.5544627180538,0.1,-3.8,2,-6.2,2.6
67.5330108894236,0.1,-3,1.9,-6,2.6
67.5330108894236,0.1,-3,1.9,-5.8,2.6
67.666563277181,0.1,-2.3,2,-5.5,2.6
67.645768972088,0.1,-3.1,1.9,-5.4,2.6
67.645768972088,0.1,-3.1,1.9,-5.2,2.5
67.7695070123748,0.1,-3.1,1.7,-5,2.5
67.7695070123748,0.1,-3.1,1.7,-4.9,2.5
67.858179064256,0.1,-3.2,1.6,-4.7,2.4
67.9588184246302,0.1,-3.3,1.5,-4.6,2.3
67.9588184246302,0.1,-3.3,1.5,-4.5,2.3
67.9798369966294,0.1,-3.3,1.4,-4.3,2.2
67.9798369966294,0.1,-3.3,1.4,-4.2,2.1
68.12780080995,0.1,-3.4,1.2,-4.1,2
68.4867560870342,0.1,-3.7,0.9,-4,1.9
68.4867560870342,0.1,-3.7,0.9,-4,1.8
68.9526996346921,0.1,-3.9,-0.3,-3.9,1.6
68.9526996346921,0.1,-3.9,-0.3,-3.8,1.5
69.2835173561017,0.2,-3.9,-0.7,-3.8,1.3
69.2147813716657,0.2,-3.7,-0.6,-3.7,1.1
69.4918585366145,0.2,-3.9,-2.5,-3.7,0.9
71.2159607680546,0.3,-4.5,-5.4,-3.7,0.4
71.2159607680546,0.3,-4.5,-5.4,-3.7,0
72.583543653052,0.3,-4.3,-7.5,-3.8,-0.6
72.583543653052,0.3,-4.3,-7.5,-3.8,-1.1
71.5927465665874,0.3,-2.6,-5.8,-3.7,-1.5
71.5927465665874,0.3,-2.6,-5.8,-3.6,-1.8
68.1680506997814,0.1,-1.4,-0.5,-3.5,-1.8
68.1680506997814,0.1,-1.4,-0.5,-3.3,-1.8
67.7119791685019,0.1,-0.6,1.1,-3.2,-1.7
67.7119791685019,0.1,-0.6,1.1,-3,-1.6
68.2638363057642,0.1,-1.2,0,-2.9,-1.6
68.2638363057642,0.1,-1.2,0,-2.7,-1.6
67.9569001429368,0.1,-0.9,-0.1,-2.6,-1.5
67.9569001429368,0.1,-0.9,-0.1,-2.5,-1.5
68.2754685802635,0.1,-1.2,-0.5,-2.4,-1.5
68.4931272305006,0.1,-1.4,0,-2.3,-1.4
68.4931272305006,0.1,-1.4,0,-2.2,-1.3
68.4698366350032,0.1,-1.3,0.3,-2.1,-1.2
68.4698366350032,0.1,-1.3,0.3,-2,-1.2
68.3315583496328,0.1,-1.4,0.3,-1.9,-1.1
68.3315583496328,0.1,-1.4,0.3,-1.9,-1
68.3731991159448,0.1,-1.4,0.4,-1.8,-0.9
68.3731991159448,0.1,-1.4,0.4,-1.7,-0.8
68.2727622048409,0.1,-1.3,0.5,-1.7,-0.7
68.2727622048409,0.1,-1.3,0.5,-1.6,-0.5
68.1811468889375,0.1,-1.3,1,-1.5,-0.4
67.643097803031,0.1,-0.8,1.6,-1.5,-0.2
67.643097803031,0.1,-0.8,1.6,-1.4,0
66.0024477989668,0.1,0,3.2,-1.3,0.2
66.0024477989668,0.1,0,3.2,-1.1,0.5
63.9528194190875,0,1,5.6,-1,0.9
63.9528194190875,0,1,5.6,-0.8,1.3
63.5573966006491,0,1.6,6.4,-0.6,1.7
64.821466082096,0,0.4,4,-0.5,2
64.821466082096,0,0.4,4,-0.5,2.2
65.5391918771782,0,0.2,1.3,-0.4,2.2
65.5391918771782,0,0.2,1.3,-0.3,2.2
67.3196111197217,0.1,-0.3,-0.1,-0.3,2.1
67.3196111197217,0.1,-0.3,-0.1,-0.3,2
68.8875556902813,0.1,-1.1,-2.2,-0.3,1.7
68.8875556902813,0.1,-1.1,-2.2,-0.3,1.5
71.1045017513178,0.2,-2.2,-4.4,-0.4,1.2
71.1045017513178,0.2,-2.2,-4.4,-0.5,0.8
70.6962516585543,0.2,-1,-1.5,-0.6,0.6
70.6962516585543,0.2,-1,-1.5,-0.6,0.5
70.912295620847,0.3,-0.8,-1.6,-0.6,0.3
71.1456882982229,0.3,-0.2,-1.8,-0.6,0.2
71.1456882982229,0.3,-0.2,-1.8,-0.5,0
71.122214243186,0.3,-0.3,-2,-0.5,-0.2
71.5094264021222,0.2,-0.8,-2.6,-0.5,-0.4
71.5094264021222,0.2,-0.8,-2.6,-0.5,-0.6
73.7210490428316,0.4,-3.5,-6.7,-0.7,-1
73.7210490428316,0.4,-3.5,-6.7,-0.9,-1.5
58.3337187591331,-0.1,9,19.9,-0.3,-0.2
58.3337187591331,-0.1,9,19.9,0.3,1.1
74.2993912735774,0.4,-1.6,-2.8,0.2,0.8
74.2993912735774,0.4,-1.6,-2.8,0.1,0.6
74.9808445138166,0.5,-3,-5.2,-0.1,0.2
74.9808445138166,0.5,-3,-5.2,-0.3,-0.2
75.2003845173525,0.5,-3.3,-5.8,-0.5,-0.6
75.2003845173525,0.5,-3.3,-5.8,-0.7,-1
75.1157618870837,0.5,-3.2,-5.7,-0.9,-1.4
75.1157618870837,0.5,-3.2,-5.7,-1,-1.7
75.045534871356,0.5,-3.3,-5.7,-1.2,-2
75.045534871356,0.5,-3.3,-5.7,-1.4,-2.3
75.1464281535239,0.5,-3.4,-6,-1.5,-2.5
75.1464281535239,0.5,-3.4,-6,-1.7,-2.8
75.1777680672373,0.5,-3.5,-5.9,-1.8,-3.1
75.1777680672373,0.5,-3.5,-5.9,-1.9,-3.3
75.056624762428,0.5,-3.2,-5.7,-2.1,-3.5
75.056624762428,0.5,-3.2,-5.7,-2.2,-3.7
69.9562856497789,0.2,-3,-2.7,-2.3,-3.7
69.9562856497789,0.2,-3,-2.7,-2.3,-3.7
68.0199106508463,0.1,-1.5,0.7,-2.3,-3.5
68.0199106508463,0.1,-1.5,0.7,-2.3,-3.2
67.8451410665972,0.1,-1.4,0.9,-2.3,-3
67.7809381795473,0.1,-1.5,0.8,-2.3,-2.8
67.7809381795473,0.1,-1.5,0.8,-2.3,-2.6
67.8279228461957,0.1,-1.4,0.9,-2.3,-2.4
67.8279228461957,0.1,-1.4,0.9,-2.2,-2.2
67.8308139981905,0.1,-1.6,0.7,-2.2,-2
67.8308139981905,0.1,-1.6,0.7,-2.2,-1.9
67.8726771270484,0.1,-1.5,0.8,-2.2,-1.7
67.8726771270484,0.1,-1.5,0.8,-2.2,-1.6
67.8643404346049,0.1,-2.2,-0.2,-2.2,-1.4
67.8643404346049,0.1,-2.2,-0.2,-2.2,-1.3
72.4787144628666,0.3,-5.2,-6.5,-2.3,-1.5
72.4787144628666,0.3,-5.2,-6.5,-2.5,-1.8
70.9830960208252,0.2,-7,2.8,-2.8,-1.4
70.9830960208252,0.2,-7,2.8,-3.1,-1
68.3783692196715,0.1,-6,7.7,-3.2,-0.4
68.3783692196715,0.1,-6,7.7,-3.4,0.2
68.6197103327351,0.1,-5.6,8.1,-3.6,0.8
68.6197103327351,0.1,-5.6,8.1,-3.8,1.4
68.5425000577428,0.1,-5.4,8.4,-3.9,2
68.5425000577428,0.1,-5.4,8.4,-4,2.5
68.4786790403474,0.1,-5.4,8.5,-4.2,3
68.4786790403474,0.1,-5.4,8.5,-4.3,3.5
68.4596281955466,0.1,-5.3,8.6,-4.4,4
68.3460267290328,0.1,-5.3,8.6,-4.5,4.4
68.3460267290328,0.1,-5.3,8.6,-4.6,4.8
67.9276179549965,0.1,-5,6.4,-4.7,5
67.9276179549965,0.1,-5,6.4,-4.8,5.2
66.9378091776486,0.1,-4.3,4,-4.8,5.3
66.9378091776486,0.1,-4.3,4,-4.8,5.3
67.3495222716031,0.1,-1.7,3.6,-4.7,5.3
67.3495222716031,0.1,-1.7,3.6,-4.5,5.3
67.0379331039985,0.1,-1.3,4.1,-4.3,5.3
67.0379331039985,0.1,-1.3,4.1,-4.2,5.3
66.7613714269597,0.1,-1.2,4.5,-4,5.3
66.7613714269597,0.1,-1.2,4.5,-3.8,5.3
64.6272198057904,0.1,-0.3,5.8,-3.6,5.4
64.6272198057904,0.1,-0.3,5.8,-3.3,5.5
60.4303240325764,-0.1,1.2,10.4,-3,5.9
60.4303240325764,-0.1,1.2,10.4,-2.7,6.2
57.3147053085938,-0.1,1.7,13.5,-2.3,6.8
57.3147053085938,-0.1,1.7,13.5,-2,7.2
58.9913671329276,-0.1,0.8,13,-1.7,7.7
58.9913671329276,-0.1,0.8,13,-1.4,8
62.5630299041764,-0.1,-0.6,10.4,-1.3,8.2
65.844986367416,0.1,-3.2,7.4,-1.3,8.2
65.844986367416,0.1,-3.2,7.4,-1.4,8.2
69.9801212986819,0.1,-5.5,2.9,-1.5,7.9
69.9801212986819,0.1,-5.5,2.9,-1.7,7.6
72.1510810627367,0.2,-6.6,-0.7,-2,7.1
72.1510810627367,0.2,-6.6,-0.7,-2.3,6.6
73.5946789345778,0.3,-7.4,-3.2,-2.6,5.9
73.5946789345778,0.3,-7.4,-3.2,-2.9,5.3
73.4479632050775,0.4,-7.5,-4.8,-3.2,4.6
73.4479632050775,0.4,-7.5,-4.8,-3.5,3.9
73.0562019000048,0.3,-6.9,-4.2,-3.7,3.3
72.7707337678381,0.3,-6.8,-4.1,-4,2.8
72.7707337678381,0.3,-6.8,-4.1,-4.2,2.2
73.7903303385188,0.3,-6.7,-6.8,-4.5,1.5
73.7903303385188,0.3,-6.7,-6.8,-4.7,0.9
74.3760567786439,0.4,-7,-7.1,-4.9,0.2
74.3760567786439,0.4,-7,-7.1,-5.2,-0.5
74.1190304834399,0.4,-6.7,-5.8,-5.4,-1
74.1190304834399,0.4,-6.7,-5.8,-5.6,-1.5
72.0398679620892,0.3,-5.2,-2.4,-5.7,-1.8
72.0398679620892,0.3,-5.2,-2.4,-5.7,-2
70.6608898291869,0.2,-4.2,-0.1,-5.7,-2.1
70.459125135246,0.2,-4.1,0.3,-5.7,-2.2
70.459125135246,0.2,-4.1,0.3,-5.7,-2.2
70.8963464319713,0.2,-4.5,-0.1,-5.7,-2.3
70.8963464319713,0.2,-4.5,-0.1,-5.7,-2.3
70.8482842126443,0.2,-4.6,-0.4,-5.6,-2.3
70.8482842126443,0.2,-4.6,-0.4,-5.6,-2.3
70.547811918435,0.2,-4.4,-0.3,-5.5,-2.3
70.3580434621801,0.2,-4.3,-0.1,-5.4,-2.2
70.2243753571523,0.2,-4.4,-0.1,-5.4,-2.1
70.2243753571523,0.2,-4.4,-0.1,-5.3,-2
69.5947153834589,0.1,-4,0.5,-5.2,-1.8
69.5947153834589,0.1,-4,0.5,-5,-1.6
69.1624871115481,0.1,-3.8,0.9,-4.9,-1.4
69.1624871115481,0.1,-3.8,0.9,-4.8,-1.2
68.6995502100288,0.1,-3.6,1.3,-4.7,-0.9
68.6995502100288,0.1,-3.6,1.3,-4.6,-0.7
68.1274385624198,0.1,-3.2,2,-4.4,-0.4
68.0142020742107,0.1,-3.1,2.2,-4.3,-0.2
68.0142020742107,0.1,-3.1,2.2,-4.2,0.1
68.0206440242192,0.1,-3.1,2.2,-4.1,0.3
68.0832843068798,0.1,-3,2.4,-4,0.5
68.3847284458479,0.1,-3.2,2.1,-3.9,0.7
68.3847284458479,0.1,-3.2,2.1,-3.8,0.9
68.7391803593847,0.1,-3.3,2,-3.7,1.1
68.7391803593847,0.1,-3.3,2,-3.7,1.2
68.6928726515848,0.1,-3.3,2.1,-3.6,1.3
68.6928726515848,0.1,-3.3,2.1,-3.6,1.4
68.4999969301308,0.1,-3.1,2.4,-3.5,1.5
68.4999969301308,0.1,-3.1,2.4,-3.5,1.6
68.1281812181958,0.1,-2.8,3,-3.4,1.7
67.5597622860905,0.1,-2.8,3.9,-3.4,1.9
67.5597622860905,0.1,-2.8,3.9,-3.3,2.1
67.144418041082,0,-2.8,4.6,-3.2,2.3
67.144418041082,0,-2.8,4.6,-3.2,2.5
67.7478568031852,0.1,-2.9,3.9,-3.2,2.6
67.7478568031852,0.1,-2.9,3.9,-3.1,2.7
67.9037208456988,0.1,-3.1,3.7,-3.1,2.9
67.9037208456988,0.1,-3.1,3.7,-3.1,3
67.6485125621577,0.1,-3,4.1,-3.1,3.1
67.4129156984964,0.1,-3.3,4.3,-3.1,3.2
67.4129156984964,0.1,-3.3,4.3,-3.1,3.3
66.9829041323736,0.1,-3.2,4.8,-3.1,3.4
66.9829041323736,0.1,-3.2,4.8,-3.1,3.6
66.930569365602,0,-3.5,5,-3.1,3.7
66.930569365602,0,-3.5,5,-3.1,3.8
67.0242749054747,0,-3.6,5.2,-3.2,3.9
67.0462707967157,0,-3.7,5.4,-3.2,4.1
67.0462707967157,0,-3.7,5.4,-3.2,4.2
67.0371553874559,0.1,-3.8,5.2,-3.3,4.3
67.0371553874559,0.1,-3.8,5.2,-3.3,4.4
67.3028368111165,0.1,-3.9,4.8,-3.4,4.5
67.3028368111165,0.1,-3.9,4.8,-3.4,4.5
68.1872787508035,0.1,-4,3.2,-3.4,4.5
68.1872787508035,0.1,-4,3.2,-3.5,4.4
68.9273855580093,0.1,-4.2,2.2,-3.5,4.3
68.9273855580093,0.1,-4.2,2.2,-3.6,4.2
69.1759140012113,0.1,-4,2.1,-3.6,4.1
69.1759140012113,0.1,-4,2.1,-3.7,3.9
69.6001373235602,0.1,-4.3,1.4,-3.7,3.8
69.7180240941875,0.2,-4.3,1.1,-3.8,3.6
69.7180240941875,0.2,-4.3,1.1,-3.8,3.4
69.7661031186198,0.2,-4.6,0.8,-3.9,3.2
69.7661031186198,0.2,-4.6,0.8,-4,3
69.8377805324992,0.2,-4.6,0.7,-4,2.8
69.88295394362,0.2,-4.6,0.7,-4.1,2.7
69.88295394362,0.2,-4.6,0.7,-4.1,2.5
69.9198786661168,0.2,-4.6,0.6,-4.2,2.3
69.9198786661168,0.2,-4.6,0.6,-4.2,2.1
70.0546532749638,0.2,-4.6,0.5,-4.3,2
70.1362551627491,0.2,-4.7,0.4,-4.3,1.8
70.1362551627491,0.2,-4.7,0.4,-4.4,1.7
70.1779462121558,0.2,-4.7,0.4,-4.4,1.5
70.1779462121558,0.2,-4.7,0.4,-4.4,1.4
69.9726868148587,0.2,-4.7,0.4,-4.5,1.2
69.9726868148587,0.2,-4.7,0.4,-4.5,1.1
70.0183922109711,0.2,-4.5,0.6,-4.5,1
69.5025227341002,0.1,-4.3,1.4,-4.5,1
69.5025227341002,0.1,-4.3,1.4,-4.5,1
69.0227651832219,0.1,-3.7,1.8,-4.5,1
69.0227651832219,0.1,-3.7,1.8,-4.4,1
68.0869865767571,0.1,-3.6,0.5,-4.4,0.9
68.0869865767571,0.1,-3.6,0.5,-4.3,0.9
67.3554412505861,0.1,-3.2,0.5,-4.2,0.8
67.3554412505861,0.1,-3.2,0.5,-4.2,0.8
67.0209159835494,0.1,-3.2,0.1,-4.1,0.8
67.1252362451394,0.1,-3.2,-0.2,-4,0.7
67.1252362451394,0.1,-3.2,-0.2,-4,0.6
66.8376850652472,0.1,-3.2,0.2,-3.9,0.6
66.8376850652472,0.1,-3.2,0.2,-3.8,0.5
66.773233763817,0.1,-2.1,0.5,-3.7,0.5
66.773233763817,0.1,-2.1,0.5,-3.6,0.5
66.7213196779849,0.1,-0.9,0.8,-3.4,0.5
66.7213196779849,0.1,-0.9,0.8,-3.2,0.6
66.5838382628147,0,-1,1,-3,0.6
66.5838382628147,0,-1,1,-2.9,0.6
66.2372030137409,0,-2,1.5,-2.8,0.7
66.130465233924,0,-2.1,1.9,-2.7,0.7
66.130465233924,0,-2.1,1.9,-2.6,0.8
65.8071969618053,0,-2,2.1,-2.5,0.9
65.8071969618053,0,-2,2.1,-2.4,1
65.5078996486632,0.1,-1.7,2.5,-2.4,1.1
65.5078996486632,0.1,-1.7,2.5,-2.3,1.2
65.2464287959717,0,-1.3,3,-2.2,1.3
65.2464287959717,0,-1.3,3,-2.1,1.5
65.1127296291107,-0.1,-1.3,3.1,-2,1.6
66.6052091763825,0,-2.1,1.4,-2,1.6
66.6052091763825,0,-2.1,1.4,-1.9,1.6
68.3346817706361,0.1,-3.3,-0.8,-2,1.5
68.3346817706361,0.1,-3.3,-0.8,-2.1,1.3
68.5716070484999,0.1,-3.1,-0.8,-2.1,1.2
68.5716070484999,0.1,-3.1,-0.8,-2.2,1.1
67.9076048630917,0.1,-2.2,0.6,-2.2,1.1
67.9076048630917,0.1,-2.2,0.6,-2.2,1.1
67.5890070352318,0.1,-2.1,0.7,-2.2,1
67.5890070352318,0.1,-2.1,0.7,-2.1,1
67.5793958031074,0.1,-2.1,0.7,-2.1,1
67.5793958031074,0.1,-2.1,0.7,-2.1,1
74.5059163691929,0.6,-5.4,-9.7,-2.4,0.3
74.5059163691929,0.6,-5.4,-9.7,-2.6,-0.4
74.7803528930462,0.9,-4.4,-10.2,-2.7,-1.1
74.7803528930462,0.9,-4.4,-10.2,-2.9,-1.7
74.6564749982417,1,-4.3,-9.9,-3,-2.4
73.0538271149903,0.8,-2.6,-7.8,-3,-2.8
73.0538271149903,0.8,-2.6,-7.8,-3,-3.3
70.3797246361419,0.5,-0.8,-4.4,-2.9,-3.5
70.3797246361419,0.5,-0.8,-4.4,-2.8,-3.7
67.9873636352,0.1,-0.7,-1.5,-2.6,-3.7
67.9873636352,0.1,-0.7,-1.5,-2.5,-3.6
67.6732275090622,0.1,-1,-1.2,-2.4,-3.6
67.6732275090622,0.1,-1,-1.2,-2.3,-3.5
68.8233237660502,0.1,-1.1,-2.6,-2.3,-3.6
68.8233237660502,0.1,-1.1,-2.6,-2.2,-3.6
70.5230684441849,0.2,-2.2,-5.2,-2.2,-3.8
70.47776283365,0.2,-2.3,-5.3,-2.2,-4
70.47776283365,0.2,-2.3,-5.3,-2.2,-4.1
70.4958734819255,0.2,-2,-5.1,-2.1,-4.2
70.4958734819255,0.2,-2,-5.1,-2.1,-4.3
68.4078318676823,0.1,-1.5,-2.7,-2,-4.3
68.4078318676823,0.1,-1.5,-2.7,-2,-4.2
66.1623229838269,0.1,-0.8,-0.1,-1.9,-4
64.1056777094875,0,0.1,1.9,-1.7,-3.6
64.1056777094875,0,0.1,1.9,-1.6,-3.2
62.3524527085196,-0.1,0.8,3.7,-1.4,-2.8
62.3524527085196,-0.1,0.8,3.7,-1.2,-2.3
61.2973949649823,-0.1,1.2,4.9,-1,-1.8
61.2973949649823,-0.1,1.2,4.9,-0.9,-1.2
62.2905545451964,-0.1,0.7,4.1,-0.7,-0.8
62.2905545451964,-0.1,0.7,4.1,-0.6,-0.3
66.7867086518178,0.1,-1.5,0.5,-0.6,-0.1
66.7867086518178,0.1,-1.5,0.5,-0.6,0.1
70.0899429839659,0.2,-3.6,-2.8,-0.8,0
72.0370034991112,0.4,-5,-4.9,-1,-0.2
72.0370034991112,0.4,-5,-4.9,-1.3,-0.4
72.5050226398076,0.4,-5.4,-5.6,-1.5,-0.7
72.5050226398076,0.4,-5.4,-5.6,-1.8,-1
73.111589149706,0.5,-5.7,-6.8,-2.1,-1.3
73.111589149706,0.5,-5.7,-6.8,-2.3,-1.7
73.6424014955555,0.5,-6.1,-7.9,-2.6,-2.1
73.6424014955555,0.5,-6.1,-7.9,-2.9,-2.5
74.2220973762345,0.6,-6.5,-9.2,-3.2,-2.9
74.7073355428839,0.6,-6.9,-10.2,-3.5,-3.4
75.1504924853863,0.7,-7.1,-10.9,-3.8,-4
75.1504924853863,0.7,-7.1,-10.9,-4,-4.5
75.3057447293146,0.7,-7.2,-11.1,-4.3,-5
75.3057447293146,0.7,-7.2,-11.1,-4.6,-5.5
75.8040533686827,0.8,-7.8,-12.4,-4.9,-6.1
75.8040533686827,0.8,-7.8,-12.4,-5.2,-6.7
76.73716687867,0.9,-8.4,-14.5,-5.5,-7.4
77.3848561001525,1.2,-11.2,-16.6,-6,-8.2
77.3848561001525,1.2,-11.2,-16.6,-6.4,-8.9
78.104418255822,1.3,-12,-18.5,-6.9,-9.8
78.104418255822,1.3,-12,-18.5,-7.4,-10.6
78.9412737335488,1.5,-12.5,-20.3,-7.8,-11.5
78.9412737335488,1.5,-12.5,-20.3,-8.3,-12.3
79.6256787300947,1.8,-13.3,-22.2,-8.7,-13.2
79.1740295615404,1.6,-12,-21.2,-9.1,-14
79.1740295615404,1.6,-12,-21.2,-9.4,-14.7
77.9830745277035,1.3,-10.5,-19,-9.6,-15.2
77.9830745277035,1.3,-10.5,-19,-9.8,-15.7
77.1331848432554,1.1,-9.5,-17.7,-9.9,-16
77.1331848432554,1.1,-9.5,-17.7,-9.9,-16.4
76.9250210614057,1.2,-8.8,-17.4,-9.9,-16.6
76.8398166118618,1.1,-8.6,-17.8,-9.9,-16.9
77.0536948592947,1.2,-8.7,-18.9,-9.9,-17.2
77.0536948592947,1.2,-8.7,-18.9,-9.9,-17.4
77.4891711170359,1.2,-9,-20.1,-9.9,-17.8
77.4891711170359,1.2,-9,-20.1,-9.9,-18.1
77.3725200982515,1.1,-8.7,-17.7,-9.8,-18.2
77.3725200982515,1.1,-8.7,-17.7,-9.8,-18.2
76.8798316245249,0.9,-8,-15.3,-9.7,-18.2
75.8387265371786,0.8,-6.9,-12.9,-9.5,-17.9
75.8387265371786,0.8,-6.9,-12.9,-9.3,-17.6
76.1815763432542,0.7,-7.1,-12.1,-9.2,-17.3
76.1815763432542,0.7,-7.1,-12.1,-9,-17
76.1204739323953,0.8,-7.2,-12,-8.9,-16.7
76.1204739323953,0.8,-7.2,-12,-8.7,-16.3
76.1322375025732,0.7,-7.1,-11.5,-8.6,-16
75.9745079329228,0.7,-6.7,-11,-8.4,-15.6
75.9745079329228,0.7,-6.7,-11,-8.2,-15.2
73.3678657545882,0.4,-4.7,-7.4,-7.9,-14.6
73.3678657545882,0.4,-4.7,-7.4,-7.6,-14
71.6737809243092,0.3,-3.4,-4.7,-7.3,-13.3
71.6737809243092,0.3,-3.4,-4.7,-7,-12.6
70.9758750079951,0.2,-3,-3.7,-6.6,-11.8
70.9758750079951,0.2,-3,-3.7,-6.3,-11.1
70.4112678263974,0.2,-2.8,-2.7,-6,-10.4
70.4038766000122,0.2,-2.7,-1.8,-5.7,-9.7
70.4038766000122,0.2,-2.7,-1.8,-5.4,-9
69.8067588494087,0.2,-2.3,-0.6,-5.1,-8.2
69.8067588494087,0.2,-2.3,-0.6,-4.9,-7.5
69.1245391666376,0.1,-2.1,0.3,-4.6,-6.8
69.1245391666376,0.1,-2.1,0.3,-4.4,-6.1
68.6107232860944,0.1,-2,1,-4.1,-5.4
68.6107232860944,0.1,-2,1,-3.9,-4.7
68.0916676850364,0.1,-1.8,1.8,-3.7,-4.1
67.8092188204039,0.1,-1.7,2.5,-3.5,-3.4
67.8092188204039,0.1,-1.7,2.5,-3.3,-2.8
66.9122226567116,0.1,-1.3,3.7,-3.1,-2.2
66.9122226567116,0.1,-1.3,3.7,-2.9,-1.6
64.4163516246441,-0.1,-0.8,5.8,-2.6,-0.9
64.4163516246441,-0.1,-0.8,5.8,-2.5,-0.2
63.0838828352903,-0.1,-0.4,8,-2.2,0.5
63.0838828352903,-0.1,-0.4,8,-2,1.2
62.9617465734134,0,-0.9,8.6,-1.9,1.9
62.9617465734134,0,-0.9,8.6,-1.8,2.5
63.4803903585683,-0.1,-1.3,8,-1.7,3.1
65.168283574467,-0.1,-2.2,5.4,-1.7,3.5
65.168283574467,-0.1,-2.2,5.4,-1.6,3.8
68.2698556950273,0.1,-4.2,1.3,-1.8,3.8
70.0211758080347,0.2,-5.5,-1,-2,3.6
70.0211758080347,0.2,-5.5,-1,-2.2,3.5
70.4387664080479,0.2,-6.1,-2.6,-2.4,3.2
70.4387664080479,0.2,-6.1,-2.6,-2.7,2.9
70.5167012772414,0.2,-5.8,-2.5,-2.9,2.6
70.5167012772414,0.2,-5.8,-2.5,-3.1,2.3
70.4953418209296,0.2,-6,-2.7,-3.3,2
70.5391587245942,0.2,-6,-2.7,-3.6,1.7
70.5391587245942,0.2,-6,-2.7,-3.8,1.4
70.6604992783172,0.2,-6,-2.6,-4,1.1
70.6604992783172,0.2,-6,-2.6,-4.1,0.8
71.9872329044271,0.2,-7.3,-4.5,-4.4,0.4
73.6448767014955,0.3,-8.4,-7,-4.7,-0.2
73.6448767014955,0.3,-8.4,-7,-5.1,-0.7
73.726543604054,0.4,-8.5,-6.9,-5.4,-1.2
73.726543604054,0.4,-8.5,-6.9,-5.7,-1.7
73.9165036454109,0.4,-8.7,-7.2,-5.9,-2.3
73.9722386694107,0.3,-8.9,-7.3,-6.2,-2.7
73.9722386694107,0.3,-8.9,-7.3,-6.5,-3.2
73.9264929179535,0.4,-8.9,-7.4,-6.8,-3.7
74.3839908295894,0.4,-9.2,-7.9,-7,-4.1
74.3839908295894,0.4,-9.2,-7.9,-7.3,-4.6
73.0466132298562,0.3,-8.3,-6.3,-7.4,-4.9
73.0466132298562,0.3,-8.3,-6.3,-7.6,-5.1
72.7505237607651,0.3,-8,-5.8,-7.7,-5.3
72.7505237607651,0.3,-8,-5.8,-7.8,-5.5
72.3169526328524,0.3,-7.7,-5.3,-7.8,-5.6
72.3296008754153,0.3,-7.7,-5.4,-7.9,-5.7
72.3296008754153,0.3,-7.7,-5.4,-7.9,-5.8
72.3719646453833,0.3,-7.6,-5.3,-7.9,-5.8
72.3719646453833,0.3,-7.6,-5.3,-8,-5.8
72.3365974941817,0.3,-7.6,-5.3,-8,-5.9
72.2942557679637,0.3,-7.6,-5.3,-8,-5.9
72.2942557679637,0.3,-7.6,-5.3,-8,-5.9
72.2810019244918,0.3,-7.6,-5.3,-8,-5.9
72.2810019244918,0.3,-7.6,-5.3,-7.9,-5.8
72.3376627218752,0.3,-7.8,-5.5,-7.9,-5.8
72.3376627218752,0.3,-7.8,-5.5,-7.9,-5.8
72.3116361352626,0.3,-7.6,-5.3,-7.9,-5.8
72.3749528731621,0.3,-7.7,-5.5,-7.9,-5.8
72.3749528731621,0.3,-7.7,-5.5,-7.9,-5.7
72.3927509991163,0.3,-7.8,-5.6,-7.9,-5.7
72.3927509991163,0.3,-7.8,-5.6,-7.9,-5.7
72.4136646160041,0.3,-7.7,-5.6,-7.8,-5.6
72.4136646160041,0.3,-7.7,-5.6,-7.8,-5.6
72.9412607063656,0.3,-3.7,-5.6,-7.5,-5.6
72.9412607063656,0.3,-3.7,-5.6,-7.3,-5.6
72.9236268653068,0.3,-5,-5.7,-7.1,-5.6
72.9426308611246,0.3,-3.6,-5.4,-6.8,-5.5
72.9426308611246,0.3,-3.6,-5.4,-6.6,-5.5
72.9756736968012,0.3,-3.7,-5.6,-6.4,-5.5
72.9756736968012,0.3,-3.7,-5.6,-6.1,-5.5
72.9423729806887,0.3,-3.6,-5.6,-5.9,-5.5
72.9690108943801,0.2,-3.6,-5.5,-5.7,-5.5
72.9690108943801,0.2,-3.6,-5.5,-5.5,-5.5
72.9630288153467,0.2,-3.5,-5.4,-5.4,-5.5
72.9630288153467,0.2,-3.5,-5.4,-5.2,-5.5
72.9340426534547,0.3,-3.3,-4.2,-5,-5.4
72.9340426534547,0.3,-3.3,-4.2,-4.8,-5.3
72.7025744637803,0.2,-2.5,-3.2,-4.6,-5.2
72.7025744637803,0.2,-2.5,-3.2,-4.4,-5.1
72.5261505006731,0.3,-1.7,-2.7,-4.2,-4.9
72.5261505006731,0.3,-1.7,-2.7,-3.9,-4.7
70.7693453712476,0.2,-0.4,-0.2,-3.6,-4.4
69.4884047853549,0.1,0.2,1.2,-3.3,-4
69.4884047853549,0.1,0.2,1.2,-3,-3.7
70.0431389356804,0.1,-1.1,-0.3,-2.8,-3.4
70.0431389356804,0.1,-1.1,-0.3,-2.6,-3.1
70.378632516344,0.2,-2.4,-0.8,-2.5,-2.9
70.378632516344,0.2,-2.4,-0.8,-2.4,-2.7
70.8192692269357,0.1,-2.4,-0.8,-2.4,-2.5
70.8192692269357,0.1,-2.4,-0.8,-2.3,-2.3
71.1442438618043,0.2,-1.7,-0.4,-2.2,-2.1
69.6544922938608,0.2,-0.4,2.3,-2,-1.8
69.6544922938608,0.2,-0.4,2.3,-1.9,-1.4
68.0989550873743,0.1,0.3,3.5,-1.7,-1
68.0989550873743,0.1,0.3,3.5,-1.5,-0.6
67.6157101760983,0.1,0.4,3.6,-1.4,-0.3
67.6157101760983,0.1,0.4,3.6,-1.2,0.1
67.7980072515802,0.1,0.2,3.1,-1.1,0.4
67.7980072515802,0.1,0.2,3.1,-0.9,0.7
68.1589341730636,0.1,-0.1,2.8,-0.8,0.9
68.7525712456016,0.1,-0.6,2.1,-0.8,1.1
69.5322213989101,0.2,-1.1,1.1,-0.8,1.2
69.5322213989101,0.2,-1.1,1.1,-0.8,1.3
69.621614740304,0.2,-1.1,1.1,-0.7,1.4
69.637382256774,0.2,-1.3,0.9,-0.8,1.4
69.6740652353356,0.2,-1.2,0.9,-0.8,1.5
69.6740652353356,0.2,-1.2,0.9,-0.8,1.5
69.6022906671553,0.2,-1.2,1,-0.8,1.5
69.6022906671553,0.2,-1.2,1,-0.8,1.5
69.6588414771202,0.2,-1.3,0.8,-0.8,1.5
69.6830404205116,0.2,-1.3,0.7,-0.9,1.5
69.6830404205116,0.2,-1.3,0.7,-0.9,1.4
69.2786041297648,0.1,-1.5,0.7,-0.9,1.4
69.2786041297648,0.1,-1.5,0.7,-1,1.3
68.9873255917443,0.1,-1.2,2,-1,1.4
68.9873255917443,0.1,-1.2,2,-1,1.4
68.9753477825478,0.1,-1.4,1.9,-1,1.5
68.9753477825478,0.1,-1.4,1.9,-1.1,1.5
69.0306568901162,0.1,-1.6,1.7,-1.1,1.5
69.0306568901162,0.1,-1.6,1.7,-1.1,1.5
68.8344249146118,0.1,-1.8,1.8,-1.2,1.5
68.7749291814748,0.1,-2.8,1.6,-1.3,1.5
68.7749291814748,0.1,-2.8,1.6,-1.4,1.5
68.8186063115892,0.1,-2.7,1.6,-1.6,1.5
68.8186063115892,0.1,-2.7,1.6,-1.7,1.5
68.8775679511758,0.1,-2.8,1.4,-1.8,1.5
68.8775679511758,0.1,-2.8,1.4,-1.9,1.4
68.9565607829637,0.1,-2.8,1.3,-1.9,1.4
68.9565607829637,0.1,-2.8,1.3,-2,1.4
69.0601587106539,0.1,-2.9,1.3,-2.1,1.4
69.0853720497827,0.1,-3,0.9,-2.2,1.4
69.0853720497827,0.1,-3,0.9,-2.3,1.4
69.1824682660002,0.1,-3,0.8,-2.3,1.3
69.1824682660002,0.1,-3,0.8,-2.4,1.3
69.198065588985,0.1,-3,0.7,-2.5,1.3
69.198065588985,0.1,-3,0.7,-2.5,1.2
69.301192277396,0.1,-2.9,0.8,-2.6,1.2
69.301192277396,0.1,-2.9,0.8,-2.6,1.2
69.2756883341872,0.1,-2.8,1.1,-2.7,1.2
68.8180556731844,0.1,-2.6,2.1,-2.7,1.2
68.9801112248756,0.1,-2.6,2,-2.7,1.3
68.9801112248756,0.1,-2.6,2,-2.7,1.3
69.0031862177977,0.1,-2.9,1.9,-2.7,1.3
69.0031862177977,0.1,-2.9,1.9,-2.8,1.4
69.0417654675599,0.1,-2.9,1.8,-2.8,1.4
69.0808265316959,0.1,-2.9,1.7,-2.8,1.4
69.0808265316959,0.1,-2.9,1.7,-2.8,1.4
69.1615068298883,0.1,-2.9,1.6,-2.8,1.4
69.1910797259791,0.1,-2.9,1.6,-2.9,1.5
69.1910797259791,0.1,-2.9,1.6,-2.9,1.5
75.5179108689302,0.6,-8.2,-7.2,-3.2,0.9
75.5179108689302,0.6,-8.2,-7.2,-3.5,0.4
75.6427963666727,0.6,-8.3,-7.5,-3.9,-0.2
75.6427963666727,0.6,-8.3,-7.5,-4.2,-0.7
75.7410704574228,0.6,-8.1,-7.4,-4.5,-1.2
75.7410704574228,0.6,-8.1,-7.4,-4.8,-1.6
75.2584902886013,0.5,-7.6,-7.1,-5,-2.1
75.2584902886013,0.5,-7.6,-7.1,-5.2,-2.5
72.3413871546739,0.3,-5.3,-3,-5.3,-2.6
72.3413871546739,0.3,-5.3,-3,-5.3,-2.7
68.7829306953804,0.3,-1.6,2.3,-5.2,-2.5
68.7829306953804,0.3,-1.6,2.3,-5,-2.3
68.8246508519165,0.3,-1.7,2.2,-4.8,-2.1
68.674586925717,0.3,-1.6,2.3,-4.6,-1.9
68.674586925717,0.3,-1.6,2.3,-4.5,-1.6
68.6191590076444,0.3,-1.7,2.3,-4.3,-1.4
68.6191590076444,0.3,-1.7,2.3,-4.2,-1.2
69.7658546790575,0.3,-3.1,0.6,-4.1,-1.1
71.1863741615026,0.3,-4.9,-1.7,-4.1,-1.2
71.1863741615026,0.3,-4.9,-1.7,-4.2,-1.2
72.0398826474835,0.3,-5.4,-3.6,-4.3,-1.4
72.0398826474835,0.3,-5.4,-3.6,-4.3,-1.5
72.5515418311993,0.3,-5.5,-5.2,-4.4,-1.8
72.5515418311993,0.3,-5.5,-5.2,-4.5,-2
72.7836557784752,0.3,-5.6,-6.1,-4.5,-2.3
73.6462193640614,0.4,-6.2,-7.4,-4.6,-2.6
73.6462193640614,0.4,-6.2,-7.4,-4.7,-2.9
74.4694938861982,0.4,-6.6,-8.1,-4.8,-3.3
74.4694938861982,0.4,-6.6,-8.1,-4.9,-3.6
74.9163497084222,0.5,-7.2,-8.6,-5,-3.9
74.9163497084222,0.5,-7.2,-8.6,-5.2,-4.2
75.1235329649567,0.5,-7.3,-8.6,-5.3,-4.5
75.1235329649567,0.5,-7.3,-8.6,-5.4,-4.8
75.1620783117488,0.5,-7.6,-8.8,-5.6,-5.1
75.1620783117488,0.5,-7.6,-8.8,-5.7,-5.4
75.2891675679627,0.5,-7.8,-9,-5.9,-5.8
75.2891675679627,0.5,-7.8,-9,-6.1,-6.1
75.3451613195886,0.5,-7.9,-9.2,-6.3,-6.4
75.4374206134918,0.5,-7.8,-9.3,-6.4,-6.7
75.4374206134918,0.5,-7.8,-9.3,-6.6,-7
75.4778970863752,0.5,-7.8,-9.4,-6.7,-7.4
75.4778970863752,0.5,-7.8,-9.4,-6.9,-7.6
75.5194483486865,0.5,-7.8,-9.6,-7,-7.9
75.5194483486865,0.5,-7.8,-9.6,-7.1,-8.1
75.4653147253584,0.5,-7.6,-9.6,-7.2,-8.4
75.4653147253584,0.5,-7.6,-9.6,-7.3,-8.6
74.845005650122,0.5,-7.1,-9,-7.3,-8.7
74.845005650122,0.5,-7.1,-9,-7.4,-8.8
74.1635139693323,0.4,-6.4,-8.1,-7.3,-8.8
74.1635139693323,0.4,-6.4,-8.1,-7.3,-8.8
74.1706577137998,0.4,-6.3,-8.1,-7.2,-8.8
74.1706577137998,0.4,-6.3,-8.1,-7.2,-8.8
74.5568638350309,0.5,-6.6,-8.7,-7.2,-8.8
75.1616148263834,0.5,-7,-9.6,-7.2,-8.9
75.1616148263834,0.5,-7,-9.6,-7.2,-9
75.7923822400708,0.5,-7.5,-10.6,-7.2,-9.1
75.7923822400708,0.5,-7.5,-10.6,-7.2,-9.2
75.8092966321334,0.5,-7.8,-10.7,-7.2,-9.3
75.8092966321334,0.5,-7.8,-10.7,-7.3,-9.4
75.9728397847057,0.6,-7.9,-11,-7.3,-9.5
75.9728397847057,0.6,-7.9,-11,-7.3,-9.6
75.1630333375543,0.4,-7,-9.3,-7.3,-9.6
72.2580270753956,0.3,-5.2,-4.2,-7.2,-9.3
72.2580270753956,0.3,-5.2,-4.2,-7,-9
70.8665488089674,0.3,-3.8,-0.9,-6.8,-8.4
70.8665488089674,0.3,-3.8,-0.9,-6.6,-7.9
70.8800333728497,0.3,-3.6,-0.7,-6.4,-7.4
70.8800333728497,0.3,-3.6,-0.7,-6.2,-6.9
70.9883637507697,0.3,-3.7,-1,-6,-6.5
70.9883637507697,0.3,-3.7,-1,-5.8,-6
71.7353113079655,0.3,-4.8,-2.8,-5.7,-5.7
72.704863018687,0.4,-5.4,-5.1,-5.6,-5.6
72.704863018687,0.4,-5.4,-5.1,-5.6,-5.5
72.9510895429571,0.3,-5.6,-5.6,-5.5,-5.4
72.9510895429571,0.3,-5.6,-5.6,-5.5,-5.3
73.7607148371171,0.4,-6.1,-7.2,-5.5,-5.4
73.7607148371171,0.4,-6.1,-7.2,-5.5,-5.4
74.477545398174,0.5,-6.6,-8.3,-5.6,-5.5
74.5793156872558,0.5,-6.8,-8.2,-5.6,-5.6
74.5793156872558,0.5,-6.8,-8.2,-5.7,-5.7
73.613831819758,0.4,-6.7,-6,-5.7,-5.7
73.613831819758,0.4,-6.7,-6,-5.8,-5.7
69.1454665615476,0.4,-2.6,1.6,-5.6,-5.2
69.1454665615476,0.4,-2.6,1.6,-5.3,-4.7
73.2045790104455,0.5,-5.3,-1.9,-5.3,-4.4
73.2045790104455,0.5,-5.3,-1.9,-5.3,-4.2
72.423857572793,0.5,-2.5,0.5,-5.1,-3.8
72.423857572793,0.5,-2.5,0.5,-4.9,-3.5
72.4698208942845,0.5,-2.6,0.4,-4.7,-3.2
72.4698208942845,0.5,-2.6,0.4,-4.6,-2.9
72.5445251063924,0.5,-2.6,0.2,-4.4,-2.7
72.7112182004206,0.5,-2.7,0,-4.3,-2.5
72.9184643268821,0.5,-2.9,-0.5,-4.2,-2.3
72.9184643268821,0.5,-2.9,-0.5,-4.1,-2.2
72.9170990354591,0.5,-2.9,-0.6,-4,-2
72.9170990354591,0.5,-2.9,-0.6,-3.9,-1.9
73.1400687031327,0.5,-3,-0.8,-3.8,-1.8
73.1400687031327,0.5,-3,-0.8,-3.7,-1.7
74.2331742302018,0.5,-4.9,-3.6,-3.8,-1.7
74.2331742302018,0.5,-4.9,-3.6,-3.8,-1.8
78.2354569411864,0.8,-7.1,-13,-4,-2.4
78.2354569411864,0.8,-7.1,-13,-4.2,-3.1
82.703753139246,1.4,-12.3,-23.5,-4.7,-4.4
83.1611998400842,1.6,-12.8,-24.5,-5.2,-5.7
83.1611998400842,1.6,-12.8,-24.5,-5.7,-6.9
83.2645601213161,1.9,-12.9,-25.1,-6.2,-8.2
83.4103541283007,1.8,-12.9,-25.6,-6.7,-9.5
83.4103541283007,1.8,-12.9,-25.6,-7.1,-10.7
83.8143074485317,1.8,-13.7,-27.5,-7.6,-12
83.8143074485317,1.8,-13.7,-27.5,-8.1,-13.3
83.908887693764,1.7,-13.6,-28.1,-8.6,-14.6
83.4977888848856,1.7,-13.2,-27.6,-9,-15.8
